0.239178
0.239767
0.238877
0.238877
0.239022
0.239309
0.239178
0.239145
0.239309
0.238411
0.239912
0.239178
0.239767
0.238877
0.239022
0.239178
0.239767
0.239022
0.239178
0.239000
0.239022
0.239309
0.238542
0.239178
0.239767
0.238877
0.239022
0.238411
0.239767
0.239022
0.239309
0.239309
0.239178
0.239145
0.238411
0.239000
0.239022
0.238411
0.239767
0.238877
0.238877
0.238877
0.238877
0.238877
0.238110
0.239022
0.239178
0.239767
0.239022
0.238411
0.239767
0.238110
0.238110
0.239022
0.239178
0.239767
0.239022
0.239309
0.238542
0.239178
0.239767
0.238877
0.238110
0.238877
0.239022
0.238411
0.239767
0.238110
0.238110
0.238877
0.239022
0.239178
0.239767
0.238110
0.238110
0.239022
0.239178
0.239767
0.238877
0.238877
0.238255
0.239309
0.239178
0.239912
0.239178
0.239000
0.238877
0.238877
0.239022
0.239309
0.239178
0.239767
0.238110
0.238877
0.238877
0.238110
0.238877
0.238110
0.238877
0.238877
0.238255
0.239178
0.239178
0.239000
0.238877
0.238110
0.239022
0.239178
0.239767
0.238877
0.239022
0.239178
0.239912
0.239178
0.239145
0.239178
0.239767
0.238902
0.238110
0.238877
0.239047
0.239178
0.239145
0.238429
0.239912
0.239331
0.239331
0.239178
0.239792
0.238902
0.238877
0.238110
0.238902
0.238902
0.238280
0.238411
0.239767
0.238877
0.238411
0.239025
0.238902
0.238877
0.238877
0.238877
0.238902
0.238255
0.239178
0.239170
0.239309
0.238564
0.239178
0.239767
0.238255
0.239178
0.239937
0.238542
0.238542
0.239309
0.239178
0.239912
0.239331
0.239196
0.239767
0.238110
0.238255
0.239331
0.239196
0.239145
0.238429
0.239170
0.238411
0.239767
0.239047
0.238542
0.239309
0.239178
0.239912
0.238411
0.239000
0.238086
0.239008
0.239309
0.239178
0.239000
0.238877
0.239022
0.238542
0.239309
0.239178
0.239767
0.238877
0.238110
0.238255
0.238542
0.238542
0.239178
0.239767
0.238877
0.238877
0.239022
0.238551
0.239145
0.238380
0.239131
0.239178
0.239145
0.239178
0.239912
0.238551
0.239767
0.238255
0.239147
0.239743
0.238877
0.239022
0.239178
0.239743
0.238241
0.239309
0.239178
0.239767
0.238877
0.238877
0.238853
0.238853
0.238853
0.238834
0.238853
0.238877
0.238853
0.238853
0.238853
0.238067
0.238853
0.238110
0.238877
0.238877
0.238877
0.238877
0.238853
0.239318
0.239743
0.238091
0.238853
0.238086
0.238853
0.238853
0.238853
0.238834
0.238853
0.238877
0.238110
0.238877
0.238086
0.238834
0.238834
0.238091
0.238877
0.238853
0.238834
0.238834
0.238853
0.238877
0.238086
0.238834
0.238834
0.238853
0.238853
0.238853
0.238110
0.238877
0.238853
0.238853
0.238086
0.238853
0.238877
0.238086
0.238853
0.238877
0.238853
0.238067
0.238834
0.238834
0.238858
0.238853
0.238834
0.238858
0.238853
0.238853
0.238877
0.238086
0.238834
0.238067
0.238834
0.238858
0.238853
0.238853
0.238853
0.238858
0.238877
0.238853
0.238853
0.238877
0.238086
0.238834
0.238067
0.238091
0.238853
0.238834
0.238067
0.238067
0.239008
0.239147
0.238976
0.238853
0.238853
0.238877
0.238853
0.238834
0.238067
0.238834
0.238858
0.238110
0.238853
0.238853
0.238086
0.238067
0.238834
0.238834
0.238853
0.238877
0.238853
0.238067
0.238067
0.238086
0.238877
0.238853
0.238853
0.238877
0.238110
0.238877
0.238086
0.238380
0.239743
0.238877
0.238086
0.238834
0.238834
0.238834
0.238853
0.238877
0.238877
0.238086
0.238853
0.238877
0.238110
0.238877
0.238110
0.238877
0.238877
0.238877
0.238110
0.238877
0.238110
0.238878
0.238877
0.238110
0.238853
0.239008
0.239318
0.239912
0.239318
0.239767
0.238877
0.238877
0.238110
0.238877
0.239022
0.239318
0.239767
0.239022
0.239178
0.239767
0.239022
0.238542
0.239178
0.239767
0.238877
0.238255
0.238411
0.239767
0.238877
0.238877
0.239022
0.239178
0.239767
0.238110
0.238877
0.238877
0.238255
0.239309
0.238551
0.239767
0.239022
0.239309
0.239178
0.239767
0.238110
0.238110
0.239022
0.238542
0.238542
0.239178
0.239145
0.239309
0.239309
0.238542
0.239309
0.239309
0.239178
0.239743
0.238853
0.238877
0.238110
0.238110
0.239022
0.238411
0.239000
0.239022
0.239178
0.239767
0.239022
0.239178
0.239767
0.238255
0.238542
0.239178
0.239767
0.239022
0.238411
0.239767
0.238877
0.239022
0.239309
0.238542
0.238542
0.239309
0.239196
0.239767
0.238280
0.238542
0.238564
0.238411
0.239170
0.238564
0.239196
0.239792
0.238902
0.238902
0.238902
0.238877
0.238902
0.238135
0.238902
0.239047
0.239331
0.239196
0.239792
0.238902
0.238902
0.238902
0.238902
0.239047
0.238429
0.239025
0.238902
0.238902
0.238135
0.238110
0.238902
0.239047
0.239196
0.239937
0.239309
0.239196
0.239792
0.238867
0.239331
0.238564
0.239196
0.239757
0.239196
0.239170
0.238429
0.239792
0.238280
0.238429
0.239170
0.238429
0.239912
0.238564
0.238564
0.238564
0.239178
0.239792
0.239047
0.238542
0.239178
0.239145
0.239331
0.238542
0.239309
0.239331
0.239196
0.239767
0.238280
0.239178
0.239937
0.239331
0.238564
0.238429
0.239767
0.238255
0.239309
0.238564
0.239196
0.239937
0.239331
0.239309
0.239196
0.239170
0.238564
0.239196
0.239792
0.238902
0.238888
0.239331
0.239331
0.238429
0.239767
0.239047
0.239331
0.238429
0.239792
0.239047
0.238429
0.239196
0.239170
0.238429
0.239025
0.238135
0.239047
0.239196
0.239792
0.238902
0.238902
0.237673
0.239177
0.238888
0.238121
0.238888
0.238121
0.238121
0.238121
0.238888
0.238888
0.238888
0.238888
0.238888
0.238888
0.238888
0.238888
0.238121
0.238888
0.238888
0.238121
0.238121
0.238888
0.238888
0.238121
0.238888
0.238888
0.238121
0.238121
0.238121
0.238888
0.238888
0.238888
0.238121
0.238888
0.238121
0.238121
0.238121
0.238121
0.238888
0.238121
0.238121
0.238121
0.238888
0.238121
0.238888
0.238121
0.238121
0.238888
0.238888
0.238888
0.238121
0.238888
0.238888
0.238121
0.238888
0.238121
0.238121
0.238888
0.238888
0.238888
0.238888
0.238888
0.238888
0.238121
0.238888
0.238121
0.238121
0.238121
0.238121
0.238410
0.238888
0.238121
0.238888
0.238121
0.238888
0.239177
0.238410
0.238410
0.239177
0.238410
0.238410
0.239177
0.239177
0.238410
0.239177
0.239177
0.238410
0.238410
0.238410
0.238410
0.238121
0.238410
0.238410
0.238888
0.239177
0.238410
0.238410
0.238410
0.239177
0.239177
0.239177
0.238410
0.239177
0.238410
0.239177
0.238410
0.238410
0.238410
0.238410
0.238410
0.238410
0.238410
0.239177
0.239177
0.238410
0.238410
0.238410
0.239177
0.238410
0.238410
0.238410
0.238410
0.238410
0.238410
0.238410
0.238410
0.238410
0.238410
0.238410
0.238410
0.238410
0.238410
0.238121
0.239177
0.238410
0.239177
0.238399
0.238399
0.238384
0.238867
0.238399
0.238399
0.238399
0.238885
0.239166
0.238399
0.238399
0.239166
0.238399
0.239166
0.238399
0.238399
0.238399
0.238399
0.238399
0.238399
0.238399
0.238399
0.238118
0.238118
0.238399
0.238399
0.238399
0.238399
0.238399
0.238399
0.238399
0.239166
0.238118
0.239166
0.238399
0.238118
0.238399
0.238399
0.239166
0.238399
0.239166
0.238118
0.238399
0.238399
0.239166
0.238399
0.238384
0.239144
0.238399
0.238399
0.239166
0.238399
0.238399
0.238399
0.238399
0.239166
0.239166
0.238399
0.238399
0.238399
0.238399
0.239166
0.238399
0.239166
0.238399
0.239166
0.238399
0.238399
0.239166
0.238399
0.238399
0.238399
0.239166
0.238399
0.239166
0.238399
0.238399
0.238399
0.238399
0.238399
0.239166
0.238399
0.238399
0.238399
0.238399
0.239166
0.239166
0.238399
0.238399
0.238399
0.239166
0.238399
0.239166
0.238399
0.238399
0.238384
0.238377
0.238399
0.238399
0.239166
0.239166
0.238399
0.238399
0.238399
0.239166
0.238399
0.238399
0.238399
0.238399
0.238384
0.238362
0.238362
0.238377
0.239166
0.238399
0.238399
0.238399
0.239166
0.238399
0.238399
0.239166
0.239151
0.238377
0.238399
0.238399
0.238399
0.239151
0.238377
0.238399
0.238384
0.238374
0.238561
0.238399
0.238399
0.239166
0.238399
0.238399
0.238399
0.238399
0.238384
0.238362
0.239144
0.238399
0.239166
0.238399
0.238399
0.238399
0.239166
0.238399
0.238399
0.238542
0.238377
0.238384
0.238377
0.238399
0.238399
0.238399
0.238399
0.238399
0.239151
0.238399
0.238384
0.238362
0.238362
0.238362
0.238362
0.238377
0.238384
0.238362
0.238362
0.238362
0.238362
0.239129
0.238362
0.238362
0.238377
0.238399
0.238384
0.238377
0.238384
0.238362
0.238374
0.238542
0.238377
0.238399
0.239166
0.239151
0.239144
0.239932
0.240422
0.241076
0.241505
0.242620
0.244413
0.248902
0.252088
0.257040
0.259228
0.261656
0.263826
0.266624
0.269277
0.269107
0.262258
0.257827
0.257216
0.249596
0.247758
0.243405
0.240946
0.240620
0.239731
0.237215
0.237052
0.237172
0.238317
0.238940
0.236061
0.236630
0.235635
0.235858
0.234267
0.233377
0.233247
0.232702
0.233853
0.233688
0.234467
0.233942
0.233934
0.232515
0.233805
0.231989
0.231981
0.231773
0.231838
0.232214
0.230843
0.231172
0.231670
0.231917
0.231936
0.233224
0.233615
0.233825
0.234113
0.232149
0.234705
0.233128
0.233881
0.234379
0.234361
0.234984
0.233912
0.233773
0.236080
0.236312
0.235859
0.235967
0.235426
0.234608
0.234086
0.233034
0.230236
0.231448
0.229189
0.229279
0.228664
0.212133
0.208298
0.189124
0.174890
0.168963
0.163241
0.154997
0.156803
0.152300
0.158198
0.182335
0.185157
0.197167
0.211616
0.227352
0.250841
0.262065
0.272759
0.284163
0.284079
0.285396
0.288312
0.284087
0.284283
0.265323
0.257376
0.248666
0.234184
0.227620
0.221888
0.213202
0.215602
0.211518
0.210435
0.212559
0.211560
0.211668
0.224388
0.227406
0.230557
0.235331
0.239680
0.244177
0.247136
0.247287
0.247086
0.246409
0.246486
0.243710
0.242007
0.240183
0.239581
0.238898
0.238230
0.239105
0.239538
0.239165
0.239631
0.239581
0.239165
0.239165
0.239284
0.239581
0.239631
0.239581
0.239566
0.240009
0.240009
0.240009
0.240009
0.240009
0.240009
0.240009
0.240009
0.240009
0.240009
0.240009
0.240009
0.240009
0.240009
0.240009
0.240009
0.240009
0.240009
0.240009
0.240009
0.240009
0.240009
0.239922
0.239631
0.239566
0.239922
0.239566
0.239922
0.239566
0.239922
0.239566
0.240009
0.240009
0.239922
0.239568
0.240013
0.240013
0.239934
0.239105
0.239922
0.239550
0.239912
0.239013
0.239615
0.239550
0.239912
0.239022
0.239022
0.239022
0.239022
0.239132
0.238848
0.238086
0.237571
0.237694
0.238113
0.238596
0.238040
0.237265
0.236641
0.233227
0.231036
0.228857
0.226287
0.222985
0.218379
0.212084
0.217539
0.226709
0.228671
0.235568
0.238245
0.239540
0.239241
0.237500
0.236772
0.234507
0.233846
0.231504
0.231718
0.231057
0.228430
0.228040
0.231181
0.232999
0.232613
0.234481
0.235422
0.237052
0.235124
0.234699
0.234363
0.231404
0.233296
0.231473
0.231455
0.232315
0.231234
0.231147
0.231095
0.231915
0.232456
0.227837
0.229070
0.224292
0.217723
0.220274
0.219040
0.220550
0.224031
0.231222
0.233600
0.235452
0.236444
0.237496
0.237718
0.238453
0.237842
0.236152
0.232488
0.230763
0.227590
0.230790
0.231203
0.232211
0.233304
0.234171
0.235121
0.236489
0.237229
0.238148
0.237606
0.237605
0.239352
0.238395
0.237628
0.239816
0.237554
0.237537
0.237447
0.238214
0.237499
0.238182
0.237415
0.237415
0.237287
0.237287
0.238054
0.237967
0.238008
0.237258
0.237742
0.238059
0.237373
0.237962
0.237638
0.238861
0.238711
0.238891
0.238298
0.238505
0.237938
0.237740
0.238872
0.239017
0.239129
0.238056
0.238241
0.237535
0.237435
0.236872
0.236589
0.236718
0.236629
0.237396
0.237743
0.237858
0.238602
0.238537
0.238490
0.238595
0.239949
0.237766
0.237858
0.238043
0.238022
0.238377
0.237684
0.237297
0.236778
0.241164
0.259380
0.287317
0.312204
0.320104
0.338192
0.349885
0.331278
0.335025
0.328650
0.283342
0.276754
0.254014
0.236108
0.212751
0.197005
0.184654
0.179457
0.175627
0.174231
0.168119
0.170646
0.172074
0.174181
0.185524
0.210551
0.222740
0.241445
0.249448
0.268362
0.271408
0.288307
0.281457
0.285039
0.286920
0.268363
0.264503
0.255888
0.248594
0.238697
0.228303
0.221807
0.216059
0.214586
0.218564
0.220363
0.219911
0.220919
0.224984
0.227288
0.231443
0.238527
0.240633
0.243489
0.244127
0.244775
0.243226
0.242218
0.241748
0.241208
0.240145
0.240011
0.238244
0.238686
0.239141
0.239108
0.238966
0.239089
0.239977
0.239977
0.239977
0.239960
0.239960
0.240011
0.239141
0.239141
0.239108
0.239108
0.239122
0.239122
0.239122
0.239122
0.239122
0.239122
0.239122
0.239122
0.239138
0.239419
0.238692
0.239297
0.238530
0.239297
0.239297
0.239297
0.239297
0.238530
0.239016
0.239016
0.239319
0.239034
0.239034
0.239034
0.239319
0.239034
0.239034
0.239034
0.239034
0.239019
0.239908
0.239609
0.239609
0.239724
0.240649
0.239856
0.239724
0.240675
0.239001
0.239786
0.239768
0.239768
0.239768
0.239717
0.240605
0.240605
0.240605
0.240605
0.240605
0.240501
0.239262
0.239706
0.239706
0.239721
0.240045
0.240167
0.240369
0.240553
0.239664
0.239623
0.240511
0.240511
0.239828
0.239945
0.239945
0.240712
0.240712
0.240431
0.240431
0.239973
0.239810
0.240376
0.240268
0.238947
0.239542
0.240160
0.239083
0.239044
0.240254
0.239487
0.240254
0.240254
0.240254
0.240254
0.240254
0.240034
0.240146
0.238824
0.238521
0.239288
0.238894
0.239911
0.239021
0.240145
0.239911
0.240145
0.240145
0.240132
