-0.000123
0.000466
-0.000424
-0.000424
-0.000279
0.000008
-0.000123
0.000611
0.000008
-0.000123
0.000611
-0.000123
0.000466
-0.000424
-0.000279
-0.000123
0.000466
-0.000279
-0.000123
0.000466
-0.000279
0.000008
0.000008
-0.000123
0.000466
-0.000424
-0.000279
-0.000123
0.000466
-0.000279
0.000008
0.000008
-0.000123
0.000611
-0.000123
0.000466
-0.000279
-0.000123
0.000466
-0.000424
-0.000424
-0.000424
-0.000424
-0.000424
-0.000424
-0.000279
-0.000123
0.000466
-0.000279
-0.000123
0.000466
-0.000424
-0.000424
-0.000279
-0.000123
0.000466
-0.000279
0.000008
0.000008
-0.000123
0.000466
-0.000424
-0.000424
-0.000424
-0.000279
-0.000123
0.000466
-0.000424
-0.000424
-0.000424
-0.000279
-0.000123
0.000466
-0.000424
-0.000424
-0.000279
-0.000123
0.000466
-0.000424
-0.000424
-0.000279
0.000008
-0.000123
0.000611
-0.000123
0.000466
-0.000424
-0.000424
-0.000279
0.000008
-0.000123
0.000466
-0.000424
-0.000424
-0.000424
-0.000424
-0.000424
-0.000424
-0.000424
-0.000424
-0.000279
-0.000123
-0.000123
0.000466
-0.000424
-0.000424
-0.000279
-0.000123
0.000466
-0.000424
-0.000279
-0.000123
0.000611
-0.000123
0.000611
-0.000123
0.000466
-0.000399
-0.000424
-0.000424
-0.000254
-0.000123
0.000611
-0.000105
0.000611
0.000030
0.000030
-0.000123
0.000491
-0.000399
-0.000424
-0.000424
-0.000399
-0.000399
-0.000254
-0.000123
0.000466
-0.000424
-0.000123
0.000491
-0.000399
-0.000424
-0.000424
-0.000424
-0.000399
-0.000279
-0.000123
0.000636
0.000008
0.000030
-0.000123
0.000466
-0.000279
-0.000123
0.000636
0.000008
0.000008
0.000008
-0.000123
0.000611
0.000030
-0.000105
0.000466
-0.000424
-0.000279
0.000030
-0.000105
0.000611
-0.000105
0.000636
-0.000123
0.000466
-0.000254
0.000008
0.000008
-0.000123
0.000611
-0.000123
0.000466
-0.000448
-0.000293
0.000008
-0.000123
0.000466
-0.000424
-0.000279
0.000008
0.000008
-0.000123
0.000466
-0.000424
-0.000424
-0.000279
0.000008
0.000008
-0.000123
0.000466
-0.000424
-0.000424
-0.000279
0.000017
0.000611
-0.000154
0.000597
-0.000123
0.000611
-0.000123
0.000611
0.000017
0.000466
-0.000279
-0.000154
0.000442
-0.000424
-0.000279
-0.000123
0.000442
-0.000293
0.000008
-0.000123
0.000466
-0.000424
-0.000424
-0.000448
-0.000448
-0.000448
-0.000467
-0.000448
-0.000424
-0.000448
-0.000448
-0.000448
-0.000467
-0.000448
-0.000424
-0.000424
-0.000424
-0.000424
-0.000424
-0.000448
0.000017
0.000442
-0.000443
-0.000448
-0.000448
-0.000448
-0.000448
-0.000448
-0.000467
-0.000448
-0.000424
-0.000424
-0.000424
-0.000448
-0.000467
-0.000467
-0.000443
-0.000424
-0.000448
-0.000467
-0.000467
-0.000448
-0.000424
-0.000448
-0.000467
-0.000467
-0.000448
-0.000448
-0.000448
-0.000424
-0.000424
-0.000448
-0.000448
-0.000448
-0.000448
-0.000424
-0.000448
-0.000448
-0.000424
-0.000448
-0.000467
-0.000467
-0.000467
-0.000443
-0.000448
-0.000467
-0.000443
-0.000448
-0.000448
-0.000424
-0.000448
-0.000467
-0.000467
-0.000467
-0.000443
-0.000448
-0.000448
-0.000448
-0.000443
-0.000424
-0.000448
-0.000448
-0.000424
-0.000448
-0.000467
-0.000467
-0.000443
-0.000448
-0.000467
-0.000467
-0.000467
-0.000293
-0.000154
0.000442
-0.000448
-0.000448
-0.000424
-0.000448
-0.000467
-0.000467
-0.000467
-0.000443
-0.000424
-0.000448
-0.000448
-0.000448
-0.000467
-0.000467
-0.000467
-0.000448
-0.000424
-0.000448
-0.000467
-0.000467
-0.000448
-0.000424
-0.000448
-0.000448
-0.000424
-0.000424
-0.000424
-0.000448
-0.000154
0.000442
-0.000424
-0.000448
-0.000467
-0.000467
-0.000467
-0.000448
-0.000424
-0.000424
-0.000448
-0.000448
-0.000424
-0.000424
-0.000424
-0.000424
-0.000424
-0.000424
-0.000424
-0.000424
-0.000424
-0.000424
-0.000423
-0.000424
-0.000424
-0.000448
-0.000293
0.000017
0.000611
0.000017
0.000466
-0.000424
-0.000424
-0.000424
-0.000424
-0.000279
0.000017
0.000466
-0.000279
-0.000123
0.000466
-0.000279
0.000008
-0.000123
0.000466
-0.000424
-0.000279
-0.000123
0.000466
-0.000424
-0.000424
-0.000279
-0.000123
0.000466
-0.000424
-0.000424
-0.000424
-0.000279
0.000008
0.000017
0.000466
-0.000279
0.000008
-0.000123
0.000466
-0.000424
-0.000424
-0.000279
0.000008
0.000008
-0.000123
0.000611
0.000008
0.000008
0.000008
0.000008
0.000008
-0.000123
0.000442
-0.000448
-0.000424
-0.000424
-0.000424
-0.000279
-0.000123
0.000466
-0.000279
-0.000123
0.000466
-0.000279
-0.000123
0.000466
-0.000279
0.000008
-0.000123
0.000466
-0.000279
-0.000123
0.000466
-0.000424
-0.000279
0.000008
0.000008
0.000008
0.000008
-0.000105
0.000466
-0.000254
0.000008
0.000030
-0.000123
0.000636
0.000030
-0.000105
0.000491
-0.000399
-0.000399
-0.000399
-0.000424
-0.000399
-0.000399
-0.000399
-0.000254
0.000030
-0.000105
0.000491
-0.000399
-0.000399
-0.000399
-0.000399
-0.000254
-0.000105
0.000491
-0.000399
-0.000399
-0.000399
-0.000424
-0.000399
-0.000254
-0.000105
0.000636
0.000008
-0.000105
0.000491
-0.000434
0.000030
0.000030
-0.000105
0.000456
-0.000105
0.000636
-0.000105
0.000491
-0.000254
-0.000105
0.000636
-0.000105
0.000611
0.000030
0.000030
0.000030
-0.000123
0.000491
-0.000254
0.000008
-0.000123
0.000611
0.000030
0.000008
0.000008
0.000030
-0.000105
0.000466
-0.000254
-0.000123
0.000636
0.000030
0.000030
-0.000105
0.000466
-0.000279
0.000008
0.000030
-0.000105
0.000636
0.000030
0.000008
-0.000105
0.000636
0.000030
-0.000105
0.000491
-0.000399
-0.000413
0.000030
0.000030
-0.000105
0.000466
-0.000254
0.000030
-0.000105
0.000491
-0.000254
-0.000105
-0.000105
0.000636
-0.000105
0.000491
-0.000399
-0.000254
-0.000105
0.000491
-0.000399
-0.000399
-0.000861
-0.000124
-0.000413
-0.000413
-0.000413
-0.000413
-0.000413
-0.000413
-0.000413
-0.000413
-0.000413
-0.000413
-0.000413
-0.000413
-0.000413
-0.000413
-0.000413
-0.000413
-0.000413
-0.000413
-0.000413
-0.000413
-0.000413
-0.000413
-0.000413
-0.000413
-0.000413
-0.000413
-0.000413
-0.000413
-0.000413
-0.000413
-0.000413
-0.000413
-0.000413
-0.000413
-0.000413
-0.000413
-0.000413
-0.000413
-0.000413
-0.000413
-0.000413
-0.000413
-0.000413
-0.000413
-0.000413
-0.000413
-0.000413
-0.000413
-0.000413
-0.000413
-0.000413
-0.000413
-0.000413
-0.000413
-0.000413
-0.000413
-0.000413
-0.000413
-0.000413
-0.000413
-0.000413
-0.000413
-0.000413
-0.000413
-0.000413
-0.000413
-0.000413
-0.000124
-0.000413
-0.000413
-0.000413
-0.000413
-0.000413
-0.000124
-0.000124
-0.000124
-0.000124
-0.000124
-0.000124
-0.000124
-0.000124
-0.000124
-0.000124
-0.000124
-0.000124
-0.000124
-0.000124
-0.000124
-0.000413
-0.000124
-0.000124
-0.000413
-0.000124
-0.000124
-0.000124
-0.000124
-0.000124
-0.000124
-0.000124
-0.000124
-0.000124
-0.000124
-0.000124
-0.000124
-0.000124
-0.000124
-0.000124
-0.000124
-0.000124
-0.000124
-0.000124
-0.000124
-0.000124
-0.000124
-0.000124
-0.000124
-0.000124
-0.000124
-0.000124
-0.000124
-0.000124
-0.000124
-0.000124
-0.000124
-0.000124
-0.000124
-0.000124
-0.000124
-0.000124
-0.000124
-0.000413
-0.000124
-0.000124
-0.000124
-0.000136
-0.000136
-0.000151
-0.000434
-0.000136
-0.000136
-0.000136
-0.000416
-0.000136
-0.000136
-0.000136
-0.000136
-0.000136
-0.000136
-0.000136
-0.000136
-0.000136
-0.000136
-0.000136
-0.000136
-0.000136
-0.000136
-0.000416
-0.000416
-0.000136
-0.000136
-0.000136
-0.000136
-0.000136
-0.000136
-0.000136
-0.000136
-0.000416
-0.000136
-0.000136
-0.000416
-0.000136
-0.000136
-0.000136
-0.000136
-0.000136
-0.000416
-0.000136
-0.000136
-0.000136
-0.000136
-0.000151
-0.000157
-0.000136
-0.000136
-0.000136
-0.000136
-0.000136
-0.000136
-0.000136
-0.000136
-0.000136
-0.000136
-0.000136
-0.000136
-0.000136
-0.000136
-0.000136
-0.000136
-0.000136
-0.000136
-0.000136
-0.000136
-0.000136
-0.000136
-0.000136
-0.000136
-0.000136
-0.000136
-0.000136
-0.000136
-0.000136
-0.000136
-0.000136
-0.000136
-0.000136
-0.000136
-0.000136
-0.000136
-0.000136
-0.000136
-0.000136
-0.000136
-0.000136
-0.000136
-0.000136
-0.000136
-0.000136
-0.000136
-0.000136
-0.000151
-0.000157
-0.000136
-0.000136
-0.000136
-0.000136
-0.000136
-0.000136
-0.000136
-0.000136
-0.000136
-0.000136
-0.000136
-0.000136
-0.000151
-0.000172
-0.000172
-0.000157
-0.000136
-0.000136
-0.000136
-0.000136
-0.000136
-0.000136
-0.000136
-0.000136
-0.000151
-0.000157
-0.000136
-0.000136
-0.000136
-0.000151
-0.000157
-0.000136
-0.000151
-0.000160
0.000027
-0.000136
-0.000136
-0.000136
-0.000136
-0.000136
-0.000136
-0.000136
-0.000151
-0.000172
-0.000157
-0.000136
-0.000136
-0.000136
-0.000136
-0.000136
-0.000136
-0.000136
-0.000135
0.000008
-0.000157
-0.000151
-0.000157
-0.000136
-0.000136
-0.000136
-0.000136
-0.000136
-0.000151
-0.000136
-0.000151
-0.000172
-0.000172
-0.000172
-0.000172
-0.000157
-0.000151
-0.000172
-0.000172
-0.000172
-0.000172
-0.000172
-0.000172
-0.000172
-0.000157
-0.000136
-0.000151
-0.000157
-0.000151
-0.000172
-0.000160
0.000008
-0.000157
-0.000136
-0.000136
-0.000151
-0.000157
-0.000136
-0.000413
-0.000526
-0.000864
-0.002050
-0.002558
-0.003438
-0.005621
-0.007571
-0.014588
-0.019063
-0.025329
-0.032502
-0.040587
-0.049194
-0.066781
-0.075814
-0.084094
-0.096317
-0.101222
-0.108644
-0.112637
-0.115264
-0.117687
-0.121736
-0.122667
-0.124081
-0.124470
-0.125381
-0.129026
-0.129991
-0.131753
-0.133064
-0.135422
-0.136313
-0.137209
-0.137754
-0.138137
-0.139069
-0.139057
-0.140349
-0.140357
-0.141777
-0.141253
-0.143069
-0.143077
-0.144052
-0.143987
-0.143611
-0.144982
-0.145420
-0.144923
-0.145442
-0.145423
-0.144903
-0.145278
-0.145835
-0.146314
-0.149045
-0.148023
-0.150367
-0.150381
-0.151417
-0.152202
-0.153113
-0.154952
-0.155858
-0.155852
-0.157154
-0.159141
-0.161334
-0.162642
-0.164994
-0.166283
-0.168102
-0.171667
-0.171222
-0.173481
-0.173391
-0.174006
-0.172896
-0.172896
-0.172896
-0.167188
-0.156241
-0.141254
-0.122653
-0.101673
-0.078564
-0.055025
-0.007111
0.013351
0.033798
0.051315
0.065517
0.081336
0.081055
0.077176
0.070940
0.053214
0.041493
0.027535
0.012572
-0.002571
-0.030735
-0.043285
-0.052762
-0.064943
-0.067671
-0.068035
-0.066750
-0.058213
-0.052327
-0.045740
-0.036713
-0.028508
-0.019963
-0.003408
0.002678
0.008130
0.012903
0.015719
0.017915
0.017806
0.015656
0.013921
0.011710
0.010252
0.005943
0.003473
0.001649
0.001047
0.000364
-0.000304
0.000571
0.001004
0.000631
0.001097
0.001047
0.000631
0.000631
0.000750
0.001047
0.001097
0.001047
0.001032
0.001475
0.001475
0.001475
0.001475
0.001475
0.001475
0.001475
0.001475
0.001475
0.001475
0.001475
0.001475
0.001475
0.001475
0.001475
0.001475
0.001475
0.001475
0.001475
0.001475
0.001475
0.001475
0.001388
0.001097
0.001032
0.001388
0.001032
0.001388
0.001032
0.001388
0.001032
0.001475
0.001475
0.001388
0.001034
0.001479
0.001479
0.001400
0.000571
0.001388
0.001016
0.001378
0.000479
0.001081
0.001016
0.001378
0.000488
0.000488
0.000488
0.000488
0.000598
0.001081
0.001086
0.000571
0.001461
0.001880
0.002363
0.001807
0.001799
0.002709
0.002363
0.003240
0.004129
0.007695
0.011296
0.014360
0.018802
0.031160
0.043398
0.047661
0.055326
0.058002
0.058530
0.059766
0.058791
0.059597
0.058866
0.059739
0.061232
0.064514
0.066154
0.068129
0.071574
0.077015
0.079601
0.081516
0.085684
0.087393
0.090557
0.090162
0.092039
0.094004
0.094879
0.098306
0.100318
0.102600
0.105762
0.107749
0.110730
0.113745
0.118400
0.121243
0.123526
0.128594
0.132253
0.135655
0.144342
0.149244
0.154589
0.160371
0.169096
0.172240
0.174092
0.175852
0.176904
0.177126
0.177861
0.178017
0.177861
0.178031
0.179375
0.180804
0.186305
0.189019
0.191560
0.194188
0.195822
0.197538
0.198907
0.199646
0.200566
0.200023
0.200022
0.201769
0.200045
0.200045
0.201467
0.199972
0.199955
0.199864
0.199864
0.199917
0.199833
0.199833
0.199833
0.199705
0.199705
0.199705
0.199617
0.199658
0.198909
0.198626
0.198943
0.198256
0.198079
0.197755
0.197444
0.197293
0.196707
0.196114
0.195554
0.194987
0.194788
0.194387
0.193764
0.193109
0.192036
0.191455
0.190748
0.190649
0.190086
0.189803
0.189931
0.189843
0.189843
0.189423
0.188771
0.188748
0.187916
0.187101
0.186440
0.187026
0.184844
0.184169
0.183586
0.183566
0.183154
0.182461
0.182074
0.181555
0.181339
0.181147
0.180705
0.173379
0.156736
0.136474
0.112885
0.060531
0.032831
0.002679
-0.054134
-0.079130
-0.102636
-0.119009
-0.130861
-0.135869
-0.129045
-0.118135
-0.103558
-0.087313
-0.068881
-0.048713
-0.025809
-0.004528
0.016019
0.050250
0.063973
0.079610
0.082244
0.081983
0.074291
0.066647
0.045224
0.032699
0.020008
-0.006220
-0.017750
-0.028665
-0.037493
-0.045089
-0.052415
-0.052775
-0.050087
-0.042356
-0.030708
-0.025074
-0.018623
-0.011479
-0.004346
0.001793
0.006714
0.013799
0.014370
0.015693
0.014797
0.013911
0.011595
0.009820
0.008583
0.008043
0.006980
0.006846
0.005079
0.005521
0.005976
0.005943
0.005801
0.005924
0.006812
0.006812
0.006812
0.006795
0.006795
0.006846
0.005976
0.005976
0.005943
0.005943
0.005957
0.005957
0.005957
0.005957
0.005957
0.005957
0.005957
0.005957
0.005973
0.006254
0.005527
0.005365
0.005365
0.005365
0.005365
0.005365
0.005365
0.005365
0.005084
0.005084
0.005387
0.005102
0.005102
0.005102
0.005387
0.005102
0.005102
0.005102
0.005102
0.005087
0.005976
0.005677
0.005677
0.005792
0.005950
0.005924
0.005792
0.005976
0.005068
0.005087
0.005068
0.005068
0.005068
0.005018
0.005906
0.005906
0.005906
0.005906
0.005906
0.005802
0.004563
0.005007
0.005007
0.005022
0.004579
0.005468
0.004903
0.005087
0.004198
0.004157
0.005045
0.005045
0.004362
0.004479
0.004479
0.004479
0.004479
0.004198
0.004198
0.003740
0.003577
0.004143
0.004035
0.002714
0.003309
0.003160
0.002850
0.002811
0.003254
0.003254
0.003254
0.003254
0.003254
0.003254
0.003254
0.003034
0.003146
0.001824
0.001521
0.001521
0.001894
0.002144
0.001254
0.002378
0.002144
0.002378
0.002378
0.002365
