1.751735 1.680723 1.680723
1.752783 1.684237 1.684237
1.751714 1.687528 1.687528
1.767648 1.691435 1.691435
1.766540 1.695097 1.695097
1.767452 1.698626 1.698626
1.767379 1.701979 1.701979
1.767353 1.705167 1.705167
1.783861 1.709004 1.709004
1.836150 1.715205 1.715205
1.829425 1.720775 1.720775
1.829476 1.726076 1.726076
1.829528 1.731120 1.731120
1.829479 1.735917 1.735917
1.799457 1.739015 1.739015
1.799739 1.741977 1.741977
1.829671 1.746253 1.746253
1.831041 1.750388 1.750388
1.862795 1.755869 1.755869
1.831924 1.759578 1.759578
1.862934 1.764619 1.764619
1.893435 1.770900 1.770900
1.893453 1.776877 1.776877
1.893193 1.782549 1.782549
1.891824 1.787878 1.787878
1.867022 1.791737 1.791737
1.893106 1.796681 1.796681
1.863255 1.799927 1.799927
1.877311 1.803701 1.803701
1.890077 1.807913 1.807913
1.893751 1.812099 1.812099
1.909704 1.816859 1.816859
1.908383 1.821322 1.821322
1.929478 1.826596 1.826596
1.940815 1.832166 1.832166
1.960547 1.838427 1.838427
1.971825 1.844932 1.844932
1.970537 1.851057 1.851057
1.985381 1.857608 1.857608
2.018520 1.865455 1.865455
2.024164 1.873194 1.873194
2.018601 1.880285 1.880285
2.031240 1.887646 1.887646
2.047462 1.895440 1.895440
2.078418 1.904363 1.904363
2.104611 1.914128 1.914128
2.107204 1.923544 1.923544
2.119288 1.933089 1.933089
2.153885 1.943857 1.943857
2.153900 1.954099 1.954099
2.200243 1.966103 1.966103
2.201380 1.977576 1.977576
2.217334 1.989268 1.989268
2.214882 2.000270 2.000270
2.232176 2.011579 2.011579
2.214882 2.021494 2.021494
2.233268 2.031821 2.031821
2.186384 2.039358 2.039358
2.180407 2.046237 2.046237
2.156524 2.156518 2.184144
2.120934 2.138704 2.161395
2.092310 2.123175 2.142322
2.011159 2.094927 2.107129
1.938576 2.063190 2.067756
1.893944 2.034341 2.034341
1.794470 1.998971 1.998971
1.691169 1.958834 1.958834
1.639644 1.921390 1.921390
1.515294 1.877941 1.877941
1.471974 1.837878 1.837878
1.351594 1.793195 1.793195
1.304450 1.751042 1.751042
1.211499 1.707062 1.707062
1.118545 1.661451 1.661451
1.026857 1.614443 1.614443
0.964874 1.568239 1.568239
0.871892 1.520484 1.520484
0.800222 0.800508 0.983898
0.700716 0.750556 0.946624
0.640124 0.713595 0.919630
0.578115 0.679432 0.894055
0.511654 0.645378 0.864918
0.403855 0.604210 0.836529
0.344077 0.565854 0.809750
0.296767 0.530766 0.780227
0.253907 0.498288 0.759535
0.152661 0.461310 0.721850
0.125298 0.428151 0.702117
0.076996 0.395884 0.676474
-0.003604 0.361430 0.640519
-0.063203 0.326817 0.618263
-0.107663 0.293145 0.597414
-0.171262 0.258744 0.566887
-0.219956 0.224695 0.540499
-0.299053 0.188776 0.500305
-0.340535 0.153650 0.480743
-0.355827 0.120827 0.456551
-0.448897 0.085090 0.426650
-0.513620 0.048428 0.389710
-0.544901 0.012879 0.358825
-0.559427 -0.020743 0.329696
-0.572989 -0.052615 0.309373
-0.634153 -0.085642 0.282301
-0.668190 -0.118250 0.247476
-0.666959 -0.148563 0.223724
-0.668736 -0.176960 0.194049
-0.683591 -0.204323 0.168361
-0.639590 -0.227603 0.143017
-0.622006 -0.248514 0.127352
-0.593439 -0.266656 0.103940
-0.528930 -0.280352 0.098483
-0.470452 -0.290215 0.078448
-0.374934 -0.294584 0.082427
-0.327557 -0.296276 0.080351
-0.219828 -0.292373 0.084480
-0.139239 -0.284588 0.096333
-0.017372 -0.271059 0.103812
0.151089 -0.249760 0.124027
0.260872 -0.224081 0.149097
0.416339 -0.191969 0.171569
0.573277 -0.153699 0.211919
0.678270 -0.112193 0.253830
0.790260 -0.067267 0.293927
0.898249 -0.019296 0.335976
1.018175 0.032159 0.392794
1.142132 0.087121 0.445364
1.213630 0.142820 0.497842
1.311041 0.200507 0.552601
1.395730 0.259456 0.606511
1.492853 0.320223 0.668838
1.622825 0.384336 0.727925
1.693868 0.448734 0.790054
1.755780 0.512959 0.852331
1.846276 0.578427 0.914285
1.934949 0.644991 0.976796
2.001000 0.711490 1.043805
2.062878 0.777728 1.108403
2.123804 0.843673 1.171891
2.201478 0.910163 1.234655
2.295406 0.977971 1.301961
2.357250 1.045462 1.368100
2.480895 1.115678 1.437022
2.551131 1.185874 1.504255
2.620695 1.256021 1.578147
2.728098 1.327972 1.645680
2.805722 1.400185 1.714425
2.847458 1.470894 1.781367
2.953870 1.543335 1.854839
3.014176 1.615172 1.927530
3.080631 1.686735 1.994283
3.143221 1.757850 2.065451
3.184553 1.827504 2.134057
3.283956 1.898601 2.208948
3.327798 1.968362 2.273149
3.452794 2.040812 2.346583
3.537204 2.113840 2.422236
3.574533 2.185121 2.487942
3.678193 2.257977 2.560510
3.707462 2.328702 2.632166
3.769142 2.398981 2.701928
3.790328 2.466863 2.767517
3.807487 2.532266 2.831876
3.851381 2.596618 2.895726
3.854695 2.657990 2.959872
3.892684 2.718219 3.018903
3.884077 2.775089 3.075221
3.900131 2.829966 3.127879
3.893990 2.881866 3.180307
3.876698 2.930390 3.227865
3.880273 2.976720 3.270959
3.863987 3.019995 3.314586
3.860498 3.060989 3.360906
3.791987 3.096642 3.395397
3.800393 3.130965 3.429467
3.769568 3.162110 3.460483
3.738740 3.190233 3.488494
3.623137 3.211346 3.512647
3.543762 3.227558 3.524118
3.522848 3.241959 3.539961
3.461054 3.252644 3.550692
3.403415 3.259997 3.556615
3.327551 3.263291 3.559336
3.282591 3.264233 3.564056
3.197871 3.260996 3.562127
3.122890 3.254261 3.545911
3.081639 3.245843 3.542967
3.014658 3.234568 3.533859
2.912236 3.218849 3.518627
2.835603 3.200159 3.498027
2.727038 3.177087 3.477008
2.646059 3.151190 3.447757
2.510572 3.119949 3.419758
2.444943 3.087032 3.386191
2.387075 3.052897 3.352890
2.290876 3.015736 3.311336
2.182558 2.975105 3.272771
2.088443 2.931866 3.227148
2.026567 2.887718 3.183040
1.937571 2.841383 3.137322
1.822504 2.791696 3.082780
1.717088 2.739292 3.034717
1.626478 2.685025 2.984105
1.580075 1.580158 1.580158
1.483540 1.531789 1.531789
1.362477 1.475118 1.475118
1.266744 1.422571 1.422571
1.220381 1.381530 1.381530
1.147668 1.341667 1.341667
1.050062 1.298668 1.298668
0.940812 1.252004 1.252004
0.878635 1.208204 1.208204
0.837601 1.168553 1.168553
0.691034 1.121429 1.121429
0.616751 1.075055 1.075055
0.490917 1.024675 1.024675
0.396727 0.973489 0.973489
0.307509 0.921874 0.921874
0.242853 0.871575 0.871575
0.132634 0.819015 0.819015
0.071454 0.767748 0.767748
0.009683 0.010319 0.192120
-0.051314 -0.020532 0.170487
-0.081038 -0.040783 0.154452
-0.128231 -0.062834 0.138022
-0.207355 -0.092168 0.114220
-0.267350 -0.122028 0.095096
-0.282987 -0.145761 0.075138
-0.328765 -0.169624 0.056338
-0.361521 -0.192135 0.038779
-0.405347 -0.214946 0.024206
-0.435607 -0.236722 0.008239
-0.453842 -0.256672 -0.010530
-0.438806 -0.272381 -0.025800
-0.437533 -0.285843 -0.034088
-0.425939 -0.296700 -0.049995
-0.423669 -0.306106 -0.052467
-0.392379 -0.312242 -0.056971
-0.406954 -0.318737 -0.061965
-0.362128 -0.321617 -0.066385
-0.330597 -0.322195 -0.065778
-0.331544 -0.322782 -0.068557
-0.269377 -0.319512 -0.065498
-0.220708 -0.313592 -0.057531
-0.191354 -0.306411 -0.054741
-0.068473 -0.292678 -0.045475
-0.007979 -0.276509 -0.034845
0.042902 -0.258630 -0.011255
0.103035 -0.238651 0.002852
0.218994 -0.213667 0.026738
0.319889 -0.184850 0.050345
0.366136 -0.155380 0.078000
0.475497 -0.121933 0.108673
0.623504 -0.082724 0.142567
0.707505 -0.041458 0.179674
0.801962 0.002300 0.222555
0.892769 0.048227 0.261058
0.974460 0.095745 0.310279
1.124818 0.148285 0.352203
1.241755 0.203869 0.407466
1.342917 0.261542 0.460142
1.406021 0.319284 0.516103
1.579874 0.382678 0.578732
1.684701 0.447964 0.637446
1.811376 0.516147 0.704131
1.916713 0.586021 0.767054
2.014478 0.657133 0.839773
2.103661 0.729002 0.904893
2.246440 0.804261 0.976852
2.308062 0.878724 1.048448
2.399977 0.953942 1.121554
2.505975 1.030580 1.195795
2.597528 1.107864 1.267825
2.645306 1.183610 1.341324
2.753731 1.260891 1.415267
2.799468 1.336552 1.489057
2.909989 1.413866 1.564874
2.986324 1.491077 1.639468
3.032504 1.566714 1.712850
3.045326 1.639226 1.782346
3.061412 1.708933 1.850039
3.074847 1.775850 1.914460
3.160489 1.843655 1.980807
3.220739 1.911063 2.048174
3.267602 1.977441 2.111836
3.277998 2.041060 2.175803
3.278352 2.101566 2.235625
3.356085 2.162898 2.297075
3.404344 2.223576 2.354434
3.431764 2.282616 2.414614
3.482799 2.341254 2.473068
3.479381 2.396849 2.526228
3.465560 3.465528 3.716718
3.450080 3.457795 3.703200
3.477254 3.464308 3.715188
3.446216 3.459746 3.709577
3.398842 3.447383 3.693184
3.324022 3.426356 3.665156
3.290710 3.406354 3.644669
3.215831 3.381510 3.610528
3.182178 3.358127 3.584315
3.107288 3.331289 3.551531
3.001862 3.298780 3.514274
2.951459 3.266865 3.475076
2.843938 3.230389 3.429454
2.705316 3.187589 3.379640
2.610213 3.142841 3.324938
2.532187 3.097606 3.269808
2.395276 3.047650 3.214634
2.260675 2.993680 3.149984
2.054691 2.054756 2.272859
1.998496 2.026594 2.250296
1.759712 1.937271 2.182089
1.602176 1.852772 2.111521
1.435725 1.768122 2.054461
1.311317 1.690259 1.993096
1.158183 1.611805 1.935145
0.985865 1.530185 1.869224
0.847084 1.450052 1.810059
0.752553 1.375428 1.746606
0.644341 1.303281 1.691865
0.517463 1.231075 1.623056
0.381813 1.157830 1.579902
0.305292 1.088337 1.523813
0.240638 1.022640 1.460976
0.148125 0.957860 1.415080
0.075168 0.895076 1.376610
0.072003 0.838630 1.318453
0.008375 0.783533 1.265730
-0.038028 0.730603 1.223574
-0.038007 0.682390 1.182526
-0.022576 0.639223 1.142842
0.022434 0.602268 1.106214
0.043891 0.569464 1.100528
0.135628 0.544426 1.073687
0.148367 0.521932 1.045214
0.258423 0.507183 1.036098
0.320098 0.496847 1.024993
0.383135 0.490640 1.023985
0.446521 0.488257 1.027407
0.554678 0.491809 1.025686
0.644021 0.499879 1.018005
0.740533 0.512537 1.043901
0.862898 0.530833 1.054092
0.955885 0.552885 1.074354
1.064352 1.064567 1.184941
1.189871 1.127294 1.263874
1.341813 1.199094 1.349172
1.404672 1.250935 1.414016
1.559541 1.313576 1.490974
1.699456 1.379350 1.571245
1.940500 1.462093 1.670580
2.086456 1.543509 1.770496
2.292016 1.631315 1.881851
2.476926 1.721787 1.992651
2.612931 1.809729 2.093950
2.789773 1.899783 2.209742
2.941966 1.989668 2.315447
3.102125 2.080347 2.427780
3.229886 2.169438 2.531983
3.360233 2.257647 2.632944
3.485000 2.344947 2.736684
3.652921 2.434647 2.836885
3.742511 3.741767 3.741767
3.865401 3.803654 3.803654
3.972197 3.860064 3.860064
4.067958 3.912487 3.912487
4.144717 3.959624 3.959624
4.168615 3.995246 3.995246
4.185327 4.023274 4.023274
4.183494 4.044166 4.044166
4.206588 4.063219 4.063219
4.192132 4.077011 4.077011
4.153223 4.084532 4.084532
4.075064 4.083662 4.083662
4.063696 4.081940 4.081940
4.017709 4.076704 4.076704
3.956999 4.067427 4.067427
3.848515 4.051211 4.051211
3.772572 4.031392 4.031392
3.680104 4.007301 4.007301
3.588386 3.979501 3.979501
3.522723 3.950073 3.950073
3.373778 3.913923 3.913923
3.295730 3.876069 3.876069
3.173741 3.833989 3.833989
2.990578 3.784440 3.784440
2.782555 3.726618 3.726618
2.627591 3.664201 3.664201
2.443416 3.595868 3.595868
2.362692 3.527742 3.527742
2.212706 3.455952 3.455952
2.021304 3.378469 3.378469
1.869344 3.297752 3.297752
1.715684 3.213874 3.213874
1.621424 3.130115 3.130115
1.450247 3.042391 3.042391
1.295778 2.951775 2.951775
1.141307 1.141399 1.141399
0.973376 1.057288 1.057288
0.851737 0.988489 0.988489
0.760408 0.930974 0.930974
0.665012 0.876989 0.876989
0.568540 0.824413 0.824413
0.507472 0.777679 0.777679
0.493319 0.740599 0.740599
0.463554 0.708100 0.708100
0.442078 0.679638 0.679638
0.417036 0.653723 0.653723
0.450265 0.635028 0.635028
0.451252 0.619178 0.619178
0.513279 0.610546 0.610546
0.560836 0.606693 0.606693
0.632496 0.608605 0.608605
0.684883 0.614030 0.614030
0.805128 0.627135 0.627135
0.931221 0.931715 0.931715
1.056103 0.993979 0.993979
1.147248 1.045277 1.045277
1.283409 1.105325 1.105325
1.395128 1.164148 1.164148
1.503830 1.222047 1.222047
1.629368 1.282106 1.282106
1.753245 1.343541 1.343541
1.918161 1.410948 1.410948
2.080461 1.482578 1.482578
2.197393 1.553119 1.553119
2.335402 1.625000 1.625000
2.500790 1.700534 1.700534
2.674152 1.779895 1.779895
2.808205 1.859591 1.859591
2.931804 1.939015 1.939015
3.090423 2.020913 2.020913
3.236784 2.104296 2.104296
3.416634 2.191385 2.191385
3.527830 2.277487 2.277487
3.700518 2.366750 2.366750
3.805640 2.454858 2.454858
3.971242 2.545712 2.545712
4.018572 2.632240 2.632240
4.172445 2.721130 2.721130
4.286269 2.810020 2.810020
4.340288 2.895676 2.895676
4.423905 2.980102 2.980102
4.432773 3.059406 3.059406
4.499328 3.137174 3.137174
4.512460 3.210732 3.210732
4.508365 3.279530 3.279530
4.525782 3.345080 3.345080
4.527550 3.406829 3.406829
4.526833 3.464936 3.464936
4.539235 4.538842 4.789461
4.497939 4.518366 4.766226
4.466969 4.501163 4.745038
4.430535 4.483353 4.723316
4.366839 4.459703 4.695678
4.281186 4.429274 4.656533
4.189279 4.393887 4.613438
4.096617 4.355123 4.566056
3.988467 4.312111 4.515190
3.816845 4.259123 4.451097
3.692961 4.203251 4.383159
3.524875 4.140917 4.307798
3.417845 4.078554 4.234772
3.231834 4.009536 4.151928
3.062404 3.936132 4.065947
2.874355 3.857480 3.971521
2.723145 3.776796 3.878090
2.582957 3.694924 3.782490
2.394536 2.394767 2.702039
2.276161 2.335397 2.664194
2.073504 2.247744 2.597989
1.919053 2.164860 2.535130
1.734933 2.077596 2.470435
1.657075 2.005918 2.418085
1.489109 1.929715 2.358853
1.343689 1.853299 2.291064
1.175434 1.773781 2.237493
1.049561 1.696298 2.170303
0.958845 1.623523 2.119433
0.861547 1.553508 2.048491
0.785730 1.487290 2.004804
0.720605 1.424796 1.940263
0.662216 1.365695 1.907705
0.598876 1.308893 1.854675
0.570651 1.256383 1.823368
0.538352 1.207141 1.776514
0.557180 1.164008 1.748247
0.540108 1.123813 1.713692
0.556675 1.088238 1.682865
0.568169 1.056392 1.642665
0.586262 1.028224 1.625860
0.629349 1.004791 1.593919
0.693693 0.986837 1.589446
0.713203 0.971296 1.586133
0.758460 0.959383 1.576827
0.868530 0.954364 1.572387
0.947265 0.953976 1.570026
0.990845 0.955967 1.568606
1.081023 0.962656 1.563212
1.172725 0.973794 1.567525
1.235987 0.987584 1.585825
1.378478 1.007997 1.611871
1.517068 1.034408 1.629061
1.674286 1.067411 1.666219
1.770770 1.103495 1.705868
1.919765 1.145170 1.732069
2.060452 1.191697 1.775198
2.251558 1.245360 1.833930
2.406258 1.303930 1.888933
2.557151 1.366953 1.943874
2.700726 1.433832 2.006847
2.859622 1.505135 2.071702
3.048588 1.582137 2.132269
3.223711 1.663858 2.215278
3.361456 1.748202 2.299049
3.512935 1.835726 2.377966
3.695908 1.927835 2.461968
3.773984 2.019117 2.547890
3.990175 2.116447 2.642733
4.206125 2.219512 2.742834
4.392935 2.326591 2.831423
4.479515 4.479520 4.976391
4.540332 4.509963 5.012583
4.600492 4.540264 5.046273
4.637992 4.564908 5.074932
4.631441 4.578413 5.094727
4.591934 4.580718 5.096204
4.590040 4.582092 5.102829
4.526859 4.574890 5.097737
4.446410 4.559818 5.074188
4.338165 4.536104 5.047960
4.308826 4.513675 5.026514
4.230915 4.487692 4.989771
4.123265 4.456262 4.956647
4.063815 4.424272 4.924763
3.971853 4.389209 4.884378
3.911056 4.353789 4.844369
3.802937 4.314608 4.794692
3.723443 4.274066 4.749960
3.586587 3.586262 3.750811
3.510575 3.548376 3.721302
3.431610 3.509295 3.691818
3.323783 3.462516 3.657588
3.186180 3.406427 3.614036
3.121242 3.357817 3.573966
3.015827 3.307391 3.539151
2.891532 3.253164 3.496302
2.706446 3.189030 3.446319
2.582368 3.124124 3.394855
2.428983 3.055525 3.341891
2.258118 2.982254 3.284864
2.087349 2.905072 3.224346
1.934992 2.825999 3.164023
1.809672 2.747232 3.097850
1.623537 2.663994 3.028865
1.533819 2.583607 2.967734
1.375945 2.500786 2.893955
1.210747 2.415177 2.833497
1.098727 2.330364 2.760337
0.971796 2.245144 2.679584
0.800721 2.156697 2.604187
0.678114 2.068108 2.532384
0.616498 1.982829 2.459574
0.535751 1.899313 2.375904
0.477085 1.818540 2.311889
0.458880 1.742433 2.236929
0.458942 1.671528 2.173970
0.462494 1.605525 2.129577
0.508601 1.546281 2.070851
0.556124 1.493322 2.030658
0.648034 1.448507 1.978424
0.743421 1.411421 1.952035
0.847507 1.381973 1.913133
0.894754 1.356695 1.889547
1.020803 1.339371 1.882322
1.110346 1.327622 1.856897
1.194227 1.320811 1.868374
1.316333 1.320583 1.863378
1.406691 1.324943 1.858894
1.545609 1.336076 1.863915
1.751309 1.356958 1.888119
1.887946 1.383583 1.914348
2.071997 1.418010 1.941469
2.231562 1.458598 1.994092
2.431957 1.507054 2.034861
2.614579 1.562080 2.079602
2.816945 1.624317 2.139837
3.081271 1.696460 2.209420
3.296873 1.775592 2.284564
3.499865 1.860735 2.366723
3.654036 1.949182 2.452158
3.849802 2.042822 2.538290
4.019922 4.019934 4.481496
4.172595 4.096357 4.574867
4.343340 4.179024 4.674710
4.479244 4.254732 4.765490
4.555415 4.315765 4.835140
4.699522 4.381178 4.913089
4.777925 4.439679 4.981777
4.830843 4.490687 5.046568
4.915240 4.540491 5.102237
4.922014 4.581310 5.154091
4.974552 4.620117 5.202839
4.989744 4.654081 5.247172
4.991137 4.683151 5.275685
4.928229 4.703128 5.304184
4.859865 4.715276 5.316109
4.781320 4.720168 5.319837
4.767430 4.723530 5.334253
4.659548 4.719142 5.325200
4.580941 4.580325 4.612141
4.520873 4.550565 4.589612
4.411911 4.504159 4.553188
4.287289 4.449472 4.510940
4.212904 4.401455 4.474600
4.119241 4.353351 4.436592
4.013962 4.303309 4.399613
3.857960 4.245237 4.353114
3.735571 4.185450 4.306800
3.644958 4.127623 4.262506
3.520916 4.067751 4.214594
3.381654 4.004708 4.164907
3.259782 3.940461 4.114783
3.104106 3.872288 4.058342
2.951530 3.800928 4.002011
2.797166 3.726574 3.941121
2.687303 3.652652 3.879584
2.531704 3.575779 3.813954
2.424347 3.499368 3.752866
2.270261 3.420182 3.686778
2.148463 3.340410 3.622033
2.010720 3.258988 3.552275
1.779336 3.170335 3.479124
1.670416 3.082218 3.404474
1.532884 2.992801 3.326538
1.420090 2.903481 3.242613
1.314024 2.814512 3.171594
1.189461 2.724737 3.090295
1.100737 2.636080 3.019391
1.021643 2.548887 2.941768
0.928957 2.462243 2.864236
0.897467 2.379282 2.788090
0.881326 2.300493 2.717926
0.834881 2.223958 2.644495
0.816983 2.150962 2.572964
0.802540 2.081415 2.509416
0.804088 2.015885 2.453203
0.804166 1.954020 2.395829
0.837800 1.897280 2.338784
0.836040 1.843546 2.295133
0.868921 1.794374 2.242473
0.866340 1.747704 2.202902
0.912973 1.705849 2.167277
0.929191 1.667009 2.129060
0.960565 1.631764 2.096466
1.006345 1.600630 2.061472
1.069113 1.574222 2.038060
1.099581 1.550681 2.014085
1.146613 1.530673 2.000095
1.206843 1.514662 1.979516
1.299228 1.504024 1.960682
1.375318 1.497676 1.953142
1.452597 1.495455 1.947393
1.607006 1.607156 1.633713
1.747672 1.677498 1.720869
1.857056 1.737598 1.795972
1.979806 1.798677 1.871081
2.132667 1.866470 1.953457
2.262005 1.933891 2.038455
2.445825 2.009377 2.130199
2.570500 2.082547 2.220466
2.726792 2.158122 2.313945
2.928653 2.240562 2.413587
3.094122 2.324795 2.514234
3.239317 2.408829 2.618091
3.440308 2.497790 2.723384
3.612170 2.588627 2.830659
3.841351 2.685715 2.947710
4.038955 2.785957 3.062566
4.145009 2.882625 3.172223
4.344358 2.982870 3.290739
4.512799 4.512099 4.512099
4.724451 4.618394 4.618394
4.915392 4.717797 4.717797
5.008052 4.790989 4.790989
5.107427 4.855217 4.855217
5.199339 4.913873 4.913873
5.260580 4.964995 4.964995
5.306379 5.009510 5.009510
5.374995 5.052384 5.052384
5.321804 5.081209 5.081209
5.291253 5.101937 5.101937
5.167263 5.107939 5.107939
5.080162 5.105544 5.105544
4.992998 5.096370 5.096370
4.847814 5.077107 5.077107
4.742363 5.052310 5.052310
4.606041 5.020568 5.020568
4.369898 4.975946 4.975946
4.192262 4.923939 4.923939
4.004898 4.864729 4.864729
3.807956 4.798440 4.798440
3.635927 4.727256 4.727256
3.449397 4.650693 4.650693
3.255252 4.568713 4.568713
3.100858 4.483999 4.483999
2.931975 4.395854 4.395854
2.723386 4.302238 4.302238
2.557897 4.205873 4.205873
2.350956 4.104610 4.104610
2.151475 3.999124 3.999124
1.967173 3.890443 3.890443
1.825340 3.780956 3.780956
1.637955 3.668239 3.668239
1.470039 3.553448 3.553448
1.313136 3.437218 3.437218
1.219983 3.322860 3.322860
1.111208 3.209397 3.209397
0.988015 3.095983 3.095983
0.878074 2.983240 2.983240
0.768968 2.871126 2.871126
0.659765 2.759558 2.759558
0.645935 2.653266 2.653266
0.613893 2.551007 2.551007
0.612675 2.454072 2.454072
0.598651 2.361505 2.361505
0.675502 2.277573 2.277573
0.676591 2.198030 2.198030
0.752728 2.126348 2.126348
0.844634 2.062882 2.062882
0.942450 2.007483 2.007483
1.109613 1.963147 1.963147
1.203486 1.925680 1.925680
1.324933 1.896082 1.896082
1.495902 1.876385 1.876385
1.681266 1.866790 1.866790
1.789172 1.862976 1.862976
1.992604 1.869341 1.869341
2.183204 1.884742 1.884742
2.381613 1.909109 1.909109
2.509249 1.938525 1.938525
2.741255 1.977851 1.977851
2.957361 2.025817 2.025817
3.173236 2.081983 2.081983
3.386223 2.145802 2.145802
3.586373 2.216269 2.216269
3.805766 2.293999 2.293999
3.955903 2.375248 2.375248
4.156984 2.462334 2.462334
4.322681 2.553243 2.553243
4.490561 2.647894 2.647894
4.613819 2.743926 2.743926
4.742667 4.742482 5.212737
4.837100 4.789848 5.273157
4.890064 4.823392 5.316350
4.951743 4.855759 5.356245
4.982827 4.881551 5.387891
4.989991 4.900035 5.407202
5.003330 4.915266 5.426155
5.066838 4.935031 5.453288
5.034114 4.946655 5.463052
5.077003 4.960601 5.474507
5.067675 4.971167 5.496732
5.019664 4.975624 5.501607
4.986763 4.976584 5.496083
4.940500 4.973643 5.502323
4.879026 4.966310 5.478472
4.835623 4.956629 5.481028
4.702690 4.938567 5.460521
4.619073 4.916656 5.438019
4.503477 4.503041 4.602221
4.351376 4.427123 4.544546
4.215854 4.356413 4.491488
4.026216 4.273149 4.427991
3.881123 4.193578 4.364303
3.677963 4.105691 4.294159
3.369212 3.997098 4.209202
3.234516 3.897660 4.137775
3.015581 3.794186 4.054245
2.797163 3.687516 3.965538
2.643626 3.584501 3.886127
2.495729 3.484457 3.810404
2.256847 3.378581 3.722390
2.080563 3.272776 3.634468
1.916732 3.167681 3.556771
1.683724 3.057757 3.461617
1.482459 2.945709 3.372237
1.352851 2.836472 3.276856
1.170439 2.725911 3.180431
1.078224 2.619757 3.094072
0.939979 2.514389 3.013131
0.862437 2.413234 2.923250
0.801181 2.316648 2.843437
0.721697 2.222948 2.756165
0.704836 2.135333 2.670100
0.659610 2.051521 2.606405
0.628708 1.971880 2.537682
0.661438 1.899486 2.476091
0.721198 1.835161 2.409062
0.752117 1.776667 2.356643
0.831505 1.726114 2.318267
0.926963 1.683745 2.291452
1.066421 1.651275 2.258932
1.203424 1.627888 2.233351
1.341174 1.613013 2.209288
1.422461 1.603185 2.212212
1.576827 1.601833 2.210664
1.752771 1.609539 2.225604
1.918366 1.625238 2.237838
2.092554 1.648899 2.262573
2.230941 1.678264 2.284512
2.415035 1.715316 2.317861
2.585186 1.758933 2.354855
2.724177 1.807204 2.405521
2.894020 1.861426 2.452625
3.142026 1.925176 2.514771
3.342993 1.995619 2.577800
3.543538 2.072390 2.656145
3.773258 2.156611 2.731200
3.918452 2.243724 2.809837
4.095994 2.335189 2.897694
4.263211 2.430280 2.990197
4.402868 2.527465 3.082231
4.542236 4.542265 5.020493
4.682868 4.612651 5.105601
4.789741 4.671925 5.174437
4.867278 4.721188 5.239555
4.959591 4.769579 5.299155
5.020524 4.812354 5.351141
5.121225 4.857898 5.402676
5.143719 4.895169 5.452529
5.210704 4.932184 5.497515
5.264998 4.967791 5.538241
5.276163 4.998223 5.572240
5.250645 5.021418 5.607487
5.265292 5.042451 5.626395
5.248005 5.059206 5.645420
5.218476 5.071550 5.661911
5.201848 5.081202 5.673762
5.125409 5.084346 5.672396
5.095086 5.085083 5.682364
4.971578 4.970984 4.998107
4.835053 4.902942 4.945767
4.698928 4.834660 4.894360
4.548140 4.762410 4.839793
4.438367 4.696638 4.788163
4.271329 4.624144 4.733766
4.079962 4.543904 4.672177
3.877027 4.456946 4.607120
3.667130 4.364295 4.531338
3.510591 4.272958 4.461730
3.261443 4.173138 4.377601
3.049514 4.069892 4.301438
2.799877 3.960358 4.210077
2.611075 3.850375 4.114491
2.380556 3.736462 4.026359
2.131654 3.617586 3.925039
1.884666 3.494326 3.824643
1.667517 3.369046 3.723062
1.417062 3.239508 3.604615
1.154159 3.105158 3.494678
0.999882 2.973099 3.384951
0.753303 2.837174 3.274609
0.629277 2.704888 3.160815
0.568589 2.579384 3.058611
0.474036 2.457878 2.946067
0.396971 2.340832 2.849027
0.350555 2.229427 2.748088
0.321570 2.124029 2.664166
0.288341 2.023815 2.565018
0.289499 1.930147 2.486583
0.319342 1.843992 2.404252
0.351164 1.764845 2.337734
0.429376 1.694603 2.274863
0.488736 1.631632 2.205112
0.584676 1.577314 2.170931
0.693533 1.531732 2.127362
0.814606 1.494942 2.081356
0.954305 1.467339 2.054155
1.109513 1.449150 2.040013
1.298310 1.441512 2.037540
1.484144 1.443663 2.040485
1.748282 1.458982 2.054448
1.867844 1.479483 2.061167
2.088063 1.509918 2.102496
2.303121 1.549491 2.128614
2.495257 1.596573 2.183601
2.741246 1.653445 2.237499
3.035278 1.721979 2.299007
3.250941 1.797687 2.371601
3.434588 1.878623 2.448366
3.649235 1.966055 2.531185
3.818651 2.057427 2.615017
4.003396 2.153300 2.707647
4.191505 2.253620 2.807483
4.320754 2.355274 2.921193
4.412816 2.456376 3.019570
4.530412 2.558214 3.103204
4.578343 2.657341 3.195663
4.623696 2.753772 3.293889
4.637630 2.846108 3.378803
4.668625 2.935395 3.466003
4.653240 3.019516 3.552173
4.653456 3.099497 3.630412
4.646683 3.175204 3.705335
4.616243 3.245695 3.774339
4.559856 3.309960 3.834258
4.545911 3.370384 3.899327
4.463247 3.423800 3.948934
4.361637 3.469629 3.996584
4.315488 3.510955 4.041092
4.267300 3.547901 4.070158
4.155478 3.577576 4.092181
4.035509 3.599938 4.122800
3.913187 3.615233 4.139547
3.803896 3.624444 4.148732
3.712739 3.628754 4.156268
3.572917 3.626029 4.154485
3.449569 3.617416 4.145866
3.282425 3.601068 4.139558
3.127004 3.577934 4.114034
3.008175 3.550132 4.093816
2.880403 3.517454 4.055046
2.694379 3.477295 4.013693
2.599649 3.434477 3.965317
2.538059 3.390744 3.930378
2.368178 3.340859 3.877194
2.257103 3.287991 3.818031
2.196830 3.234763 3.771117
2.162853 3.182476 3.706719
2.103217 2.103382 2.103382
2.120076 2.111739 2.111739
2.117104 2.113535 2.113535
2.165693 2.126688 2.126688
2.214024 2.144415 2.144415
2.293981 2.169910 2.169910
2.319515 2.191969 2.191969
2.384520 2.217078 2.217078
2.398235 2.238329 2.238329
2.379391 2.253422 2.253422
2.280285 2.256073 2.256073
2.134417 2.244894 2.244894
2.018886 2.225401 2.225401
1.805041 2.191136 2.191136
1.554581 2.141802 2.141802
1.273043 2.077448 2.077448
1.054127 2.004661 2.004661
0.779618 1.920648 1.920648
0.562618 0.563246 0.895000
0.352074 0.457541 0.803812
0.232081 0.382082 0.755200
0.121301 0.316322 0.702936
0.137019 0.279928 0.672719
0.230324 0.271473 0.666810
0.445788 0.297176 0.682654
0.661060 0.344625 0.714607
0.944085 0.414946 0.777516
1.224959 0.501608 0.845751
1.437439 0.593959 0.911633
1.779874 0.702929 1.002268
2.203563 0.832353 1.109849
2.631738 0.979025 1.224793
3.044650 1.139113 1.357112
3.328532 1.301294 1.488110
3.752692 1.475658 1.634082
4.067134 1.653379 1.779370
4.388254 1.834871 1.930740
4.496112 2.006323 2.075451
4.634932 2.171209 2.215515
4.666383 2.323997 2.346269
4.572336 2.458706 2.462503
4.498220 2.578524 2.578524
4.297091 2.677708 2.677708
4.006255 2.753161 2.753161
3.700850 2.806207 2.806207
3.473890 2.843093 2.843093
3.059874 2.854927 2.854927
2.682209 2.845599 2.845599
2.402283 2.821888 2.821888
1.984352 2.777484 2.777484
1.595590 2.715319 2.715319
1.236257 2.638082 2.638082
0.961067 2.551076 2.551076
0.684200 2.454788 2.454788
0.531233 2.356106 2.356106
0.417643 2.257136 2.260045
0.403174 2.162894 2.172295
0.476212 2.077493 2.092593
0.638397 2.004887 2.023789
0.708337 1.939685 1.962475
0.958157 1.890469 1.916301
1.283463 1.860113 1.887360
1.653810 1.849820 1.877395
2.012348 1.857911 1.885324
2.489713 1.889302 1.915551
2.798995 1.934419 1.958095
3.245546 1.999341 2.020812
3.807705 2.088755 2.106617
4.229468 2.194463 2.208484
4.589276 2.312577 2.322201
4.866446 2.438400 2.443705
5.096464 2.569229 2.570298
5.188481 2.698034 2.698034
5.263646 2.824101 2.824101
5.249157 2.943175 2.943175
5.127250 3.050347 3.050347
4.991323 3.145533 3.145533
4.752065 3.224276 3.224276
4.411453 3.282437 3.282437
4.038710 3.319471 3.319471
3.769120 3.341481 3.341481
3.296871 3.339298 3.339298
2.844301 3.315085 3.315085
2.418833 3.271256 3.271256
2.087038 3.213361 3.213361
1.500302 3.129632 3.129632
1.095311 3.030221 3.030221
0.850087 2.923706 2.923706
0.493330 2.804987 2.804987
0.258878 0.259034 0.259034
0.073194 0.166001 0.166001
0.017494 0.116294 0.116294
-0.004349 0.085871 0.085871
0.055739 0.079755 0.079755
0.181115 0.097032 0.097032
0.451019 0.149228 0.149228
0.607529 0.208990 0.208990
0.908880 0.291094 0.291094
1.297689 0.398790 0.398790
1.668164 0.524059 0.524059
1.948265 0.654926 0.654926
2.367113 0.802597 0.802597
2.775130 0.963384 0.963384
3.200040 1.136729 1.136729
3.578617 1.317613 1.317613
3.809531 1.494861 1.494861
4.147379 1.676769 1.676769
4.439452 4.439121 4.439121
4.695222 4.567316 4.567316
4.908806 4.681610 4.681610
4.940767 4.746960 4.746960
5.017527 4.801878 4.801878
4.971789 4.830840 4.830840
4.804439 4.826947 4.826947
4.695875 4.809856 4.809856
4.437824 4.766214 4.766214
4.117908 4.696852 4.696852
3.746234 4.603041 4.603041
3.345752 4.487513 4.487513
3.057982 4.364222 4.364222
2.614958 4.221636 4.221636
2.150338 4.061108 4.061108
1.687019 3.885247 3.885247
1.411657 3.709304 3.709304
1.005080 3.523851 3.523851
0.634866 3.332132 3.332132
0.336710 3.139150 3.139150
0.183558 2.953753 2.953753
-0.002104 2.772756 2.772756
-0.050968 2.603573 2.603573
-0.035968 2.448505 2.448505
0.060309 2.310675 2.310675
0.327421 2.198039 2.198039
0.481555 2.101959 2.101959
0.784965 2.029203 2.029203
1.235633 1.985880 1.985880
1.672142 1.968936 1.968936
1.999108 1.970549 1.970549
2.476224 1.997359 1.997359
2.968573 2.048443 2.048443
3.367962 2.117349 2.117349
3.720314 2.200513 2.200513
3.979249 3.978861 4.405222
4.055238 4.017095 4.448699
4.153540 4.062764 4.510542
4.151243 4.085076 4.533153
4.089289 4.085931 4.534247
3.978888 4.067685 4.514663
3.852641 4.035976 4.472211
3.733935 3.996591 4.427872
3.654718 3.956486 4.374488
3.548006 3.912783 4.325516
3.475119 3.869592 4.269336
3.362710 3.823016 4.210838
3.254963 3.774024 4.158072
3.147175 3.722927 4.091614
3.116308 3.675914 4.035935
3.068596 3.630926 3.985860
3.040211 3.588909 3.939342
3.040310 3.551287 3.899543
3.039166 3.038938 3.160572
3.007455 3.023178 3.148672
2.993270 3.013168 3.141875
2.971553 3.002674 3.132340
2.951396 2.992266 3.125518
2.908649 2.978014 3.114173
2.905708 2.967352 3.103510
2.889917 2.957255 3.095950
2.907950 2.951471 3.094263
2.906460 2.946655 3.091625
2.924963 2.944515 3.089283
2.923284 2.942564 3.089071
2.884799 2.937582 3.086896
2.859489 2.931216 3.081157
2.832145 2.923538 3.072888
2.814442 2.915457 3.063414
2.816622 2.908427 3.059732
2.816442 2.902119 3.054493
2.834290 2.897617 3.049093
2.867197 2.895658 3.045130
2.895517 2.895649 3.047463
2.909154 2.896476 3.048400
2.966622 2.900678 3.052180
2.988003 2.905809 3.057051
3.034283 2.913223 3.062623
3.083546 2.922897 3.072869
3.142937 2.935213 3.083615
3.173199 2.948361 3.092940
3.204431 2.962340 3.105535
3.235580 2.977097 3.118847
3.251008 2.991748 3.133187
3.253768 3.005639 3.145689
3.225059 3.017180 3.155821
3.217991 3.027667 3.164925
3.219882 3.037639 3.174416
3.243830 3.048274 3.184765
3.236341 3.057922 3.194093
3.269232 3.068711 3.204493
3.282102 3.079558 3.214747
3.310236 3.091238 3.225447
3.326296 3.103097 3.235350
3.299591 3.112978 3.247492
3.268261 3.120765 3.254637
3.240812 3.126768 3.261193
3.217304 3.131285 3.263725
3.193028 3.134359 3.267080
3.207408 3.137988 3.271437
3.205287 3.141326 3.273848
3.216305 3.145038 3.273993
3.253451 3.150399 3.282434
3.254525 3.155541 3.287645
3.301941 3.162761 3.293574
3.335747 3.171284 3.301211
3.359698 3.359727 3.404811
3.420905 3.390353 3.442766
3.466139 3.415720 3.473660
3.528409 3.444137 3.508853
3.528881 3.461338 3.530096
3.590451 3.483346 3.557176
3.575139 3.496881 3.573162
3.591339 3.509198 3.588850
3.545234 3.513426 3.594643
3.514036 3.513491 3.594639
3.479983 3.510184 3.589867
3.447970 3.504468 3.582475
3.383463 3.494031 3.569534
3.370943 3.483998 3.558078
3.327718 3.471886 3.544055
3.296502 3.458894 3.529634
3.300192 3.447606 3.517092
3.260892 3.434801 3.502458
3.237782 3.237762 3.285460
3.232147 3.234951 3.283433
3.216958 3.228929 3.277845
