-11.948674 -1.212876 -13.161550 -13.366667 -14.579543
-11.516382 -1.903287 -13.419669 -12.850699 -14.753986
-11.046720 -2.264315 -13.311035 -12.291464 -14.555779
-10.574007 -2.949801 -13.523808 -11.730001 -14.679802
-9.827792 -3.581980 -13.409772 -10.846556 -14.428536
-9.052873 -4.191434 -13.244307 -9.932848 -14.124282
-8.712777 -4.496694 -13.209471 -9.533037 -14.029731
-8.413044 -5.134888 -13.547932 -9.181280 -14.316168
-7.658458 -5.840163 -13.498621 -8.298234 -14.138397
-7.265751 -6.625361 -13.891111 -7.840093 -14.465454
-6.415239 -7.430489 -13.845727 -6.851204 -14.281692
-5.953658 -8.321400 -14.275059 -6.316435 -14.637836
-5.006189 -9.724477 -14.730666 -5.222947 -14.947424
-3.427512 -11.178824 -14.606336 -3.413554 -14.592378
-2.914913 -12.151929 -15.066842 -2.829422 -14.981351
-1.820155 -13.562048 -15.382203 -1.587443 -15.149492
0.302969 -15.229889 -14.926920 0.799642 -14.430247
1.236791 -15.866019 -14.629228 1.840557 -14.025462
1.983507 -16.479163 -14.495656 2.668951 -13.810212
2.496204 -16.707951 -14.211747 3.235690 -13.472261
2.635553 -16.770939 -14.135385 3.389442 -13.381497
2.868063 -16.797703 -13.929640 3.645709 -13.151994
2.868063 -16.768102 -13.900039 3.645709 -13.122393
2.868976 -16.760128 -13.891152 3.646715 -13.113413
2.869098 -16.759447 -13.890349 3.646849 -13.112598
2.868961 -16.758936 -13.889976 3.646698 -13.112239
2.846297 -16.760080 -13.913783 3.621734 -13.138347
2.822545 -16.759635 -13.937089 3.595567 -13.164068
2.869098 -16.758392 -13.889294 3.646849 -13.111543
2.869098 -16.748957 -13.879859 3.646849 -13.102109
2.868479 -16.689258 -13.820780 3.646167 -13.043091
2.821501 -16.601589 -13.780089 3.594416 -13.007173
2.775093 -16.549760 -13.774667 3.543281 -13.006479
2.635908 -16.269420 -13.633512 3.389833 -12.879587
2.401839 -15.975536 -13.573697 3.131503 -12.844033
2.215539 -15.054008 -12.838470 2.925646 -12.128362
1.539973 -14.742294 -13.202321 2.177326 -12.564968
1.190767 -14.012006 -12.821239 1.789384 -12.222622
0.467433 -12.660206 -12.192773 0.983366 -11.676839
-0.537342 -11.719173 -12.256514 -0.141741 -11.860914
-1.657690 -9.982496 -11.640187 -1.403775 -11.386272
-3.009080 -8.763571 -11.772651 -2.936605 -11.700176
-4.356685 -7.527491 -11.884175 -4.476617 -12.004107
-5.006189 -6.312427 -11.318616 -5.222947 -11.535374
-6.368773 -5.162331 -11.531104 -6.797309 -11.959641
-7.679480 -4.074546 -11.754026 -8.322786 -12.397332
-8.296796 -3.045693 -11.342489 -9.045008 -12.090701
-9.529763 -2.164875 -11.694638 -10.494702 -12.659577
-10.050465 -1.450208 -11.500673 -11.109812 -12.560019
-10.980506 -0.901556 -11.882062 -12.212733 -13.114289
-11.609970 -0.562010 -12.171979 -12.962301 -13.524311
-11.789251 -0.404695 -12.193946 -13.176248 -13.580943
-12.013660 -0.414890 -12.428549 -13.444333 -13.859223
-11.990452 -0.443834 -12.434286 -13.416594 -13.860428
-12.074107 -0.456403 -12.530511 -13.516600 -13.973003
-11.990453 -0.493532 -12.483985 -13.416596 -13.910127
-11.968792 -0.699237 -12.668029 -13.390707 -14.089944
-11.834342 -1.197668 -13.032010 -13.230089 -14.427758
-11.565247 -1.460332 -13.025579 -12.908963 -14.369295
-10.955908 -2.150254 -13.106162 -12.183492 -14.333746
-10.573796 -3.037484 -13.611280 -11.729750 -14.767234
-9.620811 -4.645989 -14.266800 -10.602134 -15.248123
-8.437382 -6.528240 -14.965621 -9.209821 -15.738061
-6.276453 -8.432758 -14.709211 -6.690271 -15.123029
-4.750175 -10.469636 -15.219811 -4.928450 -15.398086
-3.241832 -11.815162 -15.056994 -3.201771 -15.016933
-2.495816 -13.143512 -15.639328 -2.353072 -15.496585
-1.004197 -13.801459 -14.805657 -0.666676 -14.468135
-0.280649 -15.764620 -16.045269 0.146299 -15.618321
1.166684 -17.088361 -15.921678 1.762601 -15.325760
3.379905 -18.963257 -15.583352 4.208648 -14.754609
4.124094 -20.313590 -16.189496 5.024182 -15.289409
5.653061 -21.709633 -16.056572 6.688764 -15.020869
7.242598 -23.921696 -16.679098 8.403652 -15.518044
8.821850 -24.680743 -15.858893 10.091656 -14.589087
9.708040 -26.234898 -16.526859 11.031980 -15.202919
11.447662 -27.806521 -16.358859 12.863459 -14.943063
11.512677 -25.311228 -13.798551 12.931536 -12.379692
10.770259 -24.022042 -13.251783 12.152556 -11.869485
10.025500 -22.744453 -12.718953 11.367627 -11.376826
8.593361 -22.106011 -13.512651 9.848406 -12.257606
7.885024 -20.838318 -12.953294 9.092216 -11.746102
7.196623 -20.334064 -13.137441 8.354275 -11.979789
6.505843 -19.063357 -12.557513 7.610779 -11.452578
5.051383 -17.760174 -12.708791 6.035479 -11.724695
4.309744 -17.104698 -12.794953 5.227085 -11.877612
3.566401 -15.805717 -12.239315 4.413352 -11.392365
2.122565 -14.524648 -12.402083 2.822830 -11.701818
1.376770 -13.193118 -11.816348 1.996116 -11.197003
-0.023821 -11.945667 -11.969488 0.434075 -11.511592
-1.424424 -10.098741 -11.523165 -1.140356 -11.239097
-2.800162 -8.339461 -11.139623 -2.698885 -11.038346
-4.124462 -7.137866 -11.262328 -4.210421 -11.348287
-5.515708 -5.969833 -11.485541 -5.810287 -11.780120
-6.230612 -4.858643 -11.089255 -6.637141 -11.495784
-8.046991 -3.290998 -11.337990 -8.752462 -12.043460
-9.256368 -1.928359 -11.184726 -10.172422 -12.100781
-10.302586 -1.231488 -11.534074 -11.408259 -12.639747
-10.730016 -0.759410 -11.489425 -11.915143 -12.674553
-11.654880 -0.384386 -12.039266 -13.015877 -13.400262
-11.921384 -0.326294 -12.247678 -13.334059 -13.660353
-11.991025 -0.351230 -12.342255 -13.417279 -13.768509
-11.968792 -0.374902 -12.343694 -13.390707 -13.765609
-11.945651 -0.374440 -12.320091 -13.363054 -13.737494
-11.923998 -0.382641 -12.306638 -13.337182 -13.719823
-11.924002 -0.396495 -12.320497 -13.337187 -13.733682
-11.921384 -0.463203 -12.384586 -13.334059 -13.797262
-11.900831 -0.590688 -12.491519 -13.309505 -13.900193
-11.834098 -0.699974 -12.534071 -13.229798 -13.929771
-11.589744 -1.236707 -12.826451 -12.938177 -14.174885
-11.409867 -1.804287 -13.214154 -12.723747 -14.528034
-10.820482 -2.547176 -13.367658 -12.022574 -14.569750
-10.075149 -3.961232 -14.036382 -11.139014 -15.100246
-8.413546 -6.362734 -14.776280 -9.181868 -15.544603
-7.128079 -7.674549 -14.802629 -7.679713 -15.354262
-5.722228 -9.585633 -15.307861 -6.048816 -15.634448
-4.217013 -10.882125 -15.099138 -4.316471 -15.198596
-2.799247 -12.157789 -14.957036 -2.697845 -14.855633
-1.377765 -13.408085 -14.785850 -1.087707 -14.495792
-0.629696 -14.634076 -15.263772 -0.245475 -14.879552
0.769594 -15.849140 -15.079546 1.320468 -14.528671
2.076358 -17.667353 -15.590995 2.771712 -14.895641
3.450990 -19.389036 -15.938046 4.286699 -15.102337
4.773340 -19.965596 -15.192256 5.732816 -14.232780
5.421776 -21.105477 -15.683702 6.437911 -14.667566
6.736251 -22.226651 -15.490400 7.859104 -14.367547
7.380489 -23.285322 -15.904833 8.551665 -14.733657
8.593361 -24.206366 -15.613006 9.848406 -14.357961
9.140914 -24.949187 -15.808272 10.430782 -14.518405
10.025932 -25.491028 -15.465096 11.368083 -14.122944
10.680355 -26.018634 -15.338279 12.057989 -13.960645
11.086199 -26.085006 -14.998808 12.484480 -13.600526
11.266635 -26.059829 -14.793193 12.673763 -13.386066
11.266634 -26.030102 -14.763468 12.673761 -13.356341
11.221306 -25.989585 -14.768280 12.626230 -13.363355
11.227678 -25.818691 -14.591013 12.632913 -13.185778
11.132663 -25.563067 -14.430404 12.533242 -13.029825
10.885741 -25.412368 -14.526626 12.273954 -13.138413
10.680110 -24.896968 -14.216859 12.057731 -12.839238
10.116631 -24.180039 -14.063408 11.463861 -12.716178
9.732739 -22.677043 -12.944304 11.058117 -11.618926
8.730445 -21.504521 -12.774076 9.994386 -11.510135
7.517882 -19.539583 -12.021701 8.699025 -10.840559
5.329227 -18.105583 -12.776356 6.337438 -11.768145
4.495369 -16.693098 -12.197729 5.429744 -11.263354
2.845762 -15.207237 -12.361475 3.621144 -11.586093
1.983113 -13.745641 -11.762529 2.668514 -11.077127
0.349965 -12.327429 -11.977464 0.852159 -11.475270
-1.237540 -10.304382 -11.541922 -0.929563 -11.233945
-2.007640 -9.032351 -11.039990 -1.799604 -10.831954
-3.475104 -7.818252 -11.293356 -3.467871 -11.286123
-4.867100 -6.659098 -11.526198 -5.062899 -11.721997
-6.162589 -5.041382 -11.203971 -6.558327 -11.599709
-7.428679 -3.995753 -11.424433 -8.030051 -12.025804
-7.955226 -3.043502 -10.998728 -8.645095 -11.688597
-9.144485 -2.511308 -11.655793 -10.040670 -12.551978
-9.757302 -1.466123 -11.223426 -10.763285 -12.229409
-10.956218 -0.060941 -11.017160 -12.183862 -12.244803
-11.474876 -1.825979 -13.300854 -12.801220 -14.627199
-10.820482 -3.830944 -14.651425 -12.022574 -15.853518
-9.281333 -4.621617 -13.902950 -10.201832 -14.823449
-8.367758 -6.296622 -14.664380 -9.128183 -15.424805
-7.449766 -7.176074 -14.625840 -8.054648 -15.230722
-6.507511 -8.966045 -15.473556 -6.958268 -15.924313
-4.495600 -10.759202 -15.254802 -4.636018 -15.395220
-3.520199 -12.550604 -16.070803 -3.519351 -16.069956
-1.469890 -14.318049 -15.787939 -1.191672 -15.509721
0.489695 -16.065110 -15.575415 1.008222 -15.056888
1.493929 -16.931175 -15.437246 2.126219 -14.804956
2.449368 -18.562911 -16.113543 3.183986 -15.378924
4.378436 -20.242244 -15.863808 5.302105 -14.940139
5.329524 -21.920722 -16.591198 6.337761 -15.582961
7.242598 -23.633863 -16.391265 8.403652 -15.230212
9.116282 -27.076634 -17.960352 10.404624 -16.672010
11.628272 -24.720995 -13.092724 13.052511 -11.668485
10.409016 -22.613194 -12.204178 11.772266 -10.840928
9.253519 -20.492724 -11.239205 10.550313 -9.942411
-0.397294 -10.895211 -11.292505 0.015461 -10.879750
-2.800787 -8.799873 -11.600660 -2.699595 -11.499468
-3.940157 -5.732602 -9.672759 -3.999395 -9.731997
-6.230566 -3.758260 -9.988826 -6.637088 -10.395348
-8.504665 -0.817254 -9.321920 -9.288744 -10.105998
-11.968582 -4.257140 -16.225722 -13.390457 -17.647597
-9.984830 -7.236286 -17.221115 -11.032181 -18.268467
-7.795906 -8.243497 -16.039403 -8.458813 -16.702310
-6.738100 -10.239863 -16.977963 -7.226057 -17.465920
-4.472330 -11.997399 -16.469729 -4.609307 -16.606706
-3.333817 -13.890656 -17.224472 -3.306659 -17.197315
-1.144407 -15.725730 -16.870137 -0.824596 -16.550327
-0.117143 -16.628580 -16.745724 0.329555 -16.299025
1.982989 -18.410799 -16.427810 2.668377 -15.742421
3.008196 -20.158878 -17.150682 3.799995 -16.358883
3.984410 -21.031112 -17.046702 4.871373 -16.159739
5.930497 -22.795032 -16.864536 6.989227 -15.805806
6.898680 -23.683491 -16.784812 8.033963 -15.649528
7.930810 -24.569266 -16.638457 9.141190 -15.428076
8.913179 -26.315197 -17.402018 10.188793 -16.126404
10.905672 -28.543782 -17.638110 12.294898 -16.248885
11.422810 -23.676847 -12.254038 12.837428 -10.839419
10.590047 -22.043512 -11.453465 11.962945 -10.080566
8.867518 -20.325224 -11.457706 10.140235 -10.184989
7.930805 -18.604327 -10.673522 9.141186 -9.463142
6.022958 -16.711709 -10.688751 7.089254 -9.622455
3.938338 -14.793285 -10.854947 4.820945 -9.972340
2.914707 -13.839122 -10.924415 3.697078 -10.142044
1.866721 -11.960822 -10.094101 2.539622 -9.421200
-0.280689 -10.146886 -10.427575 0.146254 -10.000633
-1.330793 -8.436702 -9.767495 -1.034719 -9.471420
-2.357150 -6.861037 -9.218187 -2.195707 -9.056744
-4.356248 -5.450652 -9.806901 -4.476116 -9.926769
-6.092159 -4.231242 -10.323401 -6.476755 -10.707997
-6.897569 -3.688814 -10.586382 -7.411448 -11.100261
-8.275818 -2.349721 -10.625539 -9.020426 -11.370146
-8.916245 -1.642911 -10.559156 -9.772142 -11.415054
-10.367665 -0.937040 -11.304705 -11.485361 -12.422401
-11.127837 -0.664851 -11.792688 -12.387951 -13.052802
-11.499597 -0.510435 -12.010031 -12.830688 -13.341123
-11.630753 -0.444938 -12.075691 -12.987093 -13.432031
-11.700007 -0.439947 -12.139954 -13.069723 -13.509670
-11.769483 -0.446913 -12.216395 -13.152647 -13.599560
-11.789481 -0.449923 -12.239404 -13.176523 -13.626446
-11.789342 -0.445026 -12.234368 -13.176356 -13.621383
-11.827123 -0.446251 -12.273374 -13.221468 -13.667719
-11.848585 -0.448792 -12.297377 -13.247100 -13.695892
-11.848734 -0.477127 -12.325861 -13.247277 -13.724405
-11.789347 -0.546491 -12.335838 -13.176363 -13.722854
-11.744355 -0.700267 -12.444621 -13.122652 -13.822918
-11.699471 -1.246737 -12.946208 -13.069083 -14.315820
-11.474752 -1.953119 -13.427872 -12.801073 -14.754193
-11.037417 -2.420767 -13.458184 -12.280401 -14.701168
-10.664874 -3.579578 -14.244452 -11.837818 -15.417396
-9.554687 -6.687374 -16.242060 -10.524105 -17.211479
-7.174112 -8.545383 -15.719495 -7.733326 -16.278708
-6.230748 -11.481604 -17.712353 -6.637300 -18.118904
3.590829 -19.996070 -16.405242 4.440148 -15.555923
4.634743 -21.784501 -17.149757 5.581765 -16.202736
6.690408 -23.547642 -16.857234 7.809723 -15.737920
8.684037 -25.251650 -16.567613 9.944979 -15.306670
9.617164 -28.280579 -18.663415 10.935781 -17.344798
11.537485 -29.441073 -17.903588 12.957505 -16.483567
11.582381 -24.395855 -12.813474 13.004494 -11.391361
10.795275 -22.741403 -11.946129 12.178861 -10.562543
9.935052 -20.931547 -10.996495 11.272062 -9.659485
8.043969 -18.989801 -10.945831 9.262174 -9.727626
6.966681 -16.912542 -9.945861 8.107119 -8.805423
4.819712 -15.948418 -11.128707 5.783327 -10.165091
3.659794 -13.781967 -10.122173 4.515780 -9.266187
2.495536 -11.611984 -9.116448 3.234953 -8.377031
1.236410 -10.536695 -9.300285 1.840134 -8.696561
-1.144407 -8.431604 -9.576011 -0.824596 -9.256200
-2.357158 -6.394155 -8.751313 -2.195716 -8.589872
-4.727790 -4.445856 -9.173645 -4.902719 -9.348575
-5.861161 -3.502394 -9.363555 -6.209434 -9.711827
-6.968035 -0.718849 -7.686884 -7.493420 -8.212269
-9.144011 1.003796 -8.140215 -10.040113 -9.036316
-11.247664 2.756841 -8.490823 -12.530561 -9.773720
-11.606518 -3.247139 -14.853657 -12.958184 -16.205323
-10.755332 -3.972898 -14.728230 -11.945202 -15.918100
-9.143835 -5.422279 -14.566114 -10.039905 -15.462184
-8.300280 -6.746498 -15.046778 -9.049091 -15.795589
-7.496220 -8.206536 -15.702756 -8.108845 -16.315381
-5.861161 -9.621681 -15.482842 -6.209434 -15.831114
-4.241097 -11.023757 -15.264854 -4.344076 -15.367833
-3.426701 -11.718548 -15.145249 -3.412628 -15.131176
-1.843050 -13.168776 -15.011826 -1.613340 -14.782116
-1.097458 -14.549707 -15.647164 -0.771703 -15.321409
0.466573 -15.939153 -15.472580 0.982406 -14.956747
1.213511 -16.640815 -15.427304 1.814675 -14.826140
1.982718 -18.614043 -16.631325 2.668077 -15.945966
3.566530 -20.014326 -16.447795 4.413494 -15.600832
5.144042 -21.423629 -16.279588 6.136234 -15.287395
5.930565 -22.828712 -16.898147 6.989300 -15.839412
8.272922 -24.812424 -16.539502 9.506711 -15.305713
9.095231 -25.992562 -16.897330 10.382266 -15.610296
10.569308 -27.402707 -16.833399 11.941112 -15.461595
11.871568 -28.212026 -16.340458 13.306855 -14.905172
11.447627 -23.067494 -11.619866 12.863422 -10.204072
10.231824 -22.327018 -12.095194 11.585430 -10.741588
9.505220 -20.709829 -11.204609 10.817207 -9.892621
7.860608 -18.913861 -11.053253 9.066094 -9.847768
6.966585 -17.946249 -10.979663 8.107016 -9.839232
5.998438 -15.797963 -9.799525 7.062733 -8.735230
3.845520 -13.663540 -9.818020 4.719311 -8.944229
2.728362 -11.488062 -8.759701 3.491774 -7.996288
0.302911 -9.414363 -9.111452 0.799577 -8.614786
-0.910874 -7.258080 -8.168954 -0.561632 -7.819712
-3.333637 -5.147423 -8.481060 -3.306454 -8.453877
-5.768696 -3.111128 -8.879824 -6.102523 -9.213651
-6.922403 -0.137910 -7.060314 -7.440334 -7.578244
-9.210462 1.797546 -7.412916 -10.118355 -8.320808
