-11.948674 -0.809505 -12.758179 -13.366667 -14.176172
-11.516382 -1.212876 -12.729258 -12.850699 -14.063575
-11.046720 -1.903287 -12.950008 -12.291464 -14.194751
-10.574007 -2.264315 -12.838323 -11.730001 -13.994316
-9.827792 -3.271238 -13.099030 -10.846556 -14.117794
-9.052873 -3.886244 -12.939117 -9.932848 -13.819092
-8.712777 -4.191434 -12.904211 -9.533037 -13.724470
-8.413044 -4.812282 -13.225326 -9.181280 -13.993562
-7.658458 -5.478451 -13.136909 -8.298234 -13.776684
-7.265751 -5.840163 -13.105914 -7.840093 -13.680256
-6.415239 -7.042556 -13.457795 -6.851204 -13.893760
-5.953658 -7.870719 -13.824377 -6.316435 -14.187154
-5.006189 -8.780763 -13.786952 -5.222947 -14.003710
-3.427512 -10.207671 -13.635183 -3.413554 -13.621225
-2.914913 -11.178824 -14.093737 -2.829422 -14.008246
-1.820155 -12.629139 -14.449294 -1.587443 -14.216582
0.302969 -14.445225 -14.142256 0.799642 -13.645583
1.236791 -15.568083 -14.331292 1.840557 -13.727526
1.983507 -16.095276 -14.111769 2.668951 -13.426325
2.496204 -16.479163 -13.982960 3.235690 -13.243473
2.635553 -16.707951 -14.072397 3.389442 -13.318509
2.868063 -16.801961 -13.933898 3.645709 -13.156252
2.868063 -16.797703 -13.929640 3.645709 -13.151994
2.868976 -16.758257 -13.889280 3.646715 -13.111542
2.869098 -16.760555 -13.891457 3.646849 -13.113706
2.868961 -16.759068 -13.890107 3.646698 -13.112370
2.846297 -16.758936 -13.912639 3.621734 -13.137203
2.822545 -16.760318 -13.937772 3.595567 -13.164751
2.869098 -16.759992 -13.890894 3.646849 -13.113143
2.869098 -16.756061 -13.886963 3.646849 -13.109212
2.868479 -16.735500 -13.867022 3.646167 -13.089334
2.821501 -16.689258 -13.867757 3.594416 -13.094842
2.775093 -16.601589 -13.826496 3.543281 -13.058309
2.635908 -16.472195 -13.836287 3.389833 -13.082362
2.401839 -16.136621 -13.734782 3.131503 -13.005118
2.215539 -15.790124 -13.574585 2.925646 -12.864478
1.539973 -15.054008 -13.514035 2.177326 -12.876682
1.190767 -14.394721 -13.203954 1.789384 -12.605337
0.467433 -13.594892 -13.127459 0.983366 -12.611526
-0.537342 -12.147343 -12.684684 -0.141741 -12.289084
-1.657690 -11.157550 -12.815241 -1.403775 -12.561325
-3.009080 -9.376456 -12.385536 -2.936605 -12.313062
-4.356685 -8.145134 -12.501818 -4.476617 -12.621750
-5.006189 -6.913818 -11.920007 -5.222947 -12.136765
-6.368773 -5.729681 -12.098454 -6.797309 -12.526990
-7.679480 -4.612513 -12.291993 -8.322786 -12.935299
-8.296796 -3.551195 -11.847991 -9.045008 -12.596203
-9.529763 -2.565594 -12.095357 -10.494702 -13.060296
-10.050465 -1.801922 -11.852388 -11.109812 -12.911734
-10.980506 -1.149150 -12.129656 -12.212733 -13.361883
-11.609970 -0.706889 -12.316859 -12.962301 -13.669191
-11.789251 -0.464868 -12.254119 -13.176248 -13.641116
-12.013660 -0.379526 -12.393186 -13.444333 -13.823860
-11.990452 -0.414890 -12.405342 -13.416594 -13.831484
-12.074107 -0.443834 -12.517941 -13.516600 -13.960434
-11.990453 -0.470260 -12.460713 -13.416596 -13.886856
-11.968792 -0.538177 -12.506969 -13.390707 -13.928885
-11.834342 -0.815380 -12.649722 -13.230089 -14.045469
-11.565247 -1.197668 -12.762915 -12.908963 -14.106632
-10.955908 -1.777735 -12.733643 -12.183492 -13.961227
-10.573796 -2.572267 -13.146063 -11.729750 -14.302017
-9.620811 -3.539971 -13.160782 -10.602134 -14.142105
-8.437382 -5.245501 -13.682883 -9.209821 -14.455322
-6.276453 -7.067392 -13.343845 -6.690271 -13.757663
-4.750175 -9.113921 -13.864096 -4.928450 -14.042371
-3.241832 -10.469636 -13.711468 -3.201771 -13.671407
-2.495816 -11.815162 -14.310978 -2.353072 -14.168234
-1.004197 -13.143512 -14.147710 -0.666676 -13.810188
-0.280649 -14.456230 -14.736879 0.146299 -14.309931
1.166684 -15.764620 -14.597936 1.762601 -14.002019
3.379905 -17.754027 -14.374122 4.208648 -13.545378
4.124094 -19.635462 -15.511368 5.024182 -14.611280
5.653061 -21.002780 -15.349719 6.688764 -14.314016
7.242598 -22.433422 -15.190823 8.403652 -14.029770
8.821850 -23.921696 -15.099846 10.091656 -13.830040
9.708040 -25.452261 -15.744221 11.031980 -14.420282
11.447662 -27.021753 -15.574091 12.863459 -14.158295
11.512677 -25.964653 -14.451977 12.931536 -13.033118
10.770259 -25.311228 -14.540969 12.152556 -13.158672
10.025500 -24.022042 -13.996542 11.367627 -12.654415
8.593361 -22.744453 -14.151092 9.848406 -12.896047
7.885024 -22.106011 -14.220987 9.092216 -13.013796
7.196623 -20.838318 -13.641695 8.354275 -12.484043
6.505843 -19.703566 -13.197722 7.610779 -12.092787
5.051383 -19.063357 -14.011974 6.035479 -13.027878
4.309744 -17.760174 -13.450430 5.227085 -12.533089
3.566401 -16.454655 -12.888253 4.413352 -12.041303
2.122565 -15.805717 -13.683152 2.822830 -12.982886
1.376770 -14.524648 -13.147878 1.996116 -12.528533
-0.023821 -13.193118 -13.216939 0.434075 -12.759043
-1.424424 -11.328569 -12.752993 -1.140356 -12.468925
-2.800162 -9.550096 -12.350258 -2.698885 -12.248981
-4.124462 -8.339461 -12.463923 -4.210421 -12.549882
-5.515708 -7.137866 -12.653574 -5.810287 -12.948153
-6.230612 -5.407340 -11.637952 -6.637141 -12.044481
-8.046991 -4.320818 -12.367809 -8.752462 -13.073280
-9.256368 -2.803894 -12.060262 -10.172422 -12.976316
-10.302586 -1.928359 -12.230945 -11.408259 -13.336618
-10.730016 -1.231488 -11.961503 -11.915143 -13.146631
-11.654880 -0.589242 -12.244122 -13.015877 -13.605119
-11.921384 -0.340104 -12.261488 -13.334059 -13.674163
-11.991025 -0.326294 -12.317319 -13.417279 -13.743573
-11.968792 -0.367525 -12.336317 -13.390707 -13.758233
-11.945651 -0.376901 -12.322552 -13.363054 -13.739956
-11.923998 -0.374790 -12.298788 -13.337182 -13.711972
-11.924002 -0.382641 -12.306643 -13.337187 -13.719828
-11.921384 -0.421719 -12.343102 -13.334059 -13.755778
-11.900831 -0.509075 -12.409906 -13.309505 -13.818581
-11.834098 -0.590688 -12.424785 -13.229798 -13.820485
-11.589744 -0.840309 -12.430052 -12.938177 -13.778486
-11.409867 -1.236707 -12.646574 -12.723747 -13.960455
-10.820482 -1.804287 -12.624768 -12.022574 -13.826861
-10.075149 -2.982930 -13.058079 -11.139014 -14.121943
-8.413546 -5.129090 -13.542636 -9.181868 -14.310959
-7.128079 -7.014305 -14.142384 -7.679713 -14.694018
-5.722228 -8.337664 -14.059892 -6.048816 -14.386480
-4.217013 -9.585633 -13.802646 -4.316471 -13.902104
-2.799247 -11.522710 -14.321957 -2.697845 -14.220555
-1.377765 -12.787247 -14.165012 -1.087707 -13.874954
-0.629696 -13.408085 -14.037780 -0.245475 -13.653560
0.769594 -14.634076 -13.864482 1.320468 -13.313608
2.076358 -16.454904 -14.378546 2.771712 -13.683192
3.450990 -18.209571 -14.758581 4.286699 -13.922872
4.773340 -19.389036 -14.615696 5.732816 -13.656220
5.421776 -20.537395 -15.115619 6.437911 -14.099484
6.736251 -21.668724 -14.932473 7.859104 -13.809620
7.380489 -22.769245 -15.388756 8.551665 -14.217579
8.593361 -23.767354 -15.173994 9.848406 -13.918948
9.140914 -24.206366 -15.065452 10.430782 -13.775584
10.025932 -25.245341 -15.219409 11.368083 -13.877257
10.680355 -25.688862 -15.008507 12.057989 -13.630873
11.086199 -26.018634 -14.932435 12.484480 -13.534154
11.266635 -26.087189 -14.820553 12.673763 -13.413426
11.266634 -26.059829 -14.793195 12.673761 -13.386068
11.221306 -26.013291 -14.791985 12.626230 -13.387061
11.227678 -25.951073 -14.723395 12.632913 -13.318160
11.132663 -25.818691 -14.686027 12.533242 -13.285448
10.885741 -25.563067 -14.677326 12.273954 -13.289113
10.680110 -25.178563 -14.498454 12.057731 -13.120833
10.116631 -24.563257 -14.446626 11.463861 -13.099396
9.732739 -23.698267 -13.965528 11.058117 -12.640150
8.730445 -22.677043 -13.946597 9.994386 -12.682656
7.517882 -21.504521 -13.986639 8.699025 -12.805496
5.329227 -18.832782 -13.503554 6.337438 -12.495344
4.495369 -17.364264 -12.868894 5.429744 -11.934520
2.845762 -15.948003 -13.102242 3.621144 -12.326860
1.983113 -14.472590 -12.489478 2.668514 -11.804076
0.349965 -13.745641 -13.395676 0.852159 -12.893482
-1.237540 -11.638864 -12.876405 -0.929563 -12.568427
-2.007640 -10.304382 -12.312022 -1.799604 -12.103986
-3.475104 -9.032351 -12.507455 -3.467871 -12.500221
-4.867100 -7.230391 -12.097491 -5.062899 -12.293290
-6.162589 -6.103500 -12.266089 -6.558327 -12.661827
-7.428679 -5.041382 -12.470061 -8.030051 -13.071433
-7.955226 -3.995753 -11.950980 -8.645095 -12.640848
-9.144485 -3.043502 -12.187986 -10.040670 -13.084172
-9.757302 -1.982422 -11.739725 -10.763285 -12.745708
-10.956218 -0.968460 -11.924678 -12.183862 -13.152322
-11.474876 -1.207491 -12.682366 -12.801220 -14.008711
-10.820482 -2.502139 -13.322620 -12.022574 -14.524712
-9.281333 -3.830944 -13.112277 -10.201832 -14.032776
-8.367758 -4.621617 -12.989375 -9.128183 -13.749800
-7.449766 -6.296622 -13.746388 -8.054648 -14.351270
-6.507511 -7.176074 -13.683586 -6.958268 -14.134343
-4.495600 -8.966045 -13.461645 -4.636018 -13.602063
-3.520199 -10.759202 -14.279401 -3.519351 -14.278553
-1.469890 -12.550604 -14.020494 -1.191672 -13.742276
0.489695 -14.318049 -13.828354 1.008222 -13.309827
1.493929 -16.065110 -14.571181 2.126219 -13.938891
2.449368 -17.708519 -15.259151 3.183986 -14.524533
4.378436 -19.407643 -15.029207 5.302105 -14.105537
5.329524 -21.077501 -15.747977 6.337761 -14.739740
7.242598 -21.920722 -14.678124 8.403652 -13.517070
9.116282 -24.492314 -15.376032 10.404624 -14.087690
11.628272 -25.777383 -14.149111 13.052511 -12.724872
10.409016 -24.720995 -14.311980 11.772266 -12.948730
9.253519 -22.613194 -13.359675 10.550313 -12.062881
-0.397294 -11.956810 -12.354103 0.015461 -11.941349
-2.800787 -9.841919 -12.642706 -2.699595 -12.541514
-3.940157 -7.762833 -11.702990 -3.999395 -11.762228
-6.230566 -4.742185 -10.972750 -6.637088 -11.379272
-8.504665 -2.778071 -11.282737 -9.288744 -12.066815
-11.968582 -3.296415 -15.264997 -13.390457 -16.686871
-9.984830 -5.235347 -15.220177 -11.032181 -16.267529
-7.795906 -7.236286 -15.032192 -8.458813 -15.695099
-6.738100 -9.246235 -15.984334 -7.226057 -16.472291
-4.472330 -11.124593 -15.596923 -4.609307 -15.733900
-3.333817 -11.997399 -15.331215 -3.306659 -15.304058
-1.144407 -13.890656 -15.035063 -0.824596 -14.715252
-0.117143 -15.725730 -15.842874 0.329555 -15.396175
1.982989 -17.522430 -15.539441 2.668377 -14.854053
3.008196 -18.410799 -15.402603 3.799995 -14.610803
3.984410 -20.158878 -16.174468 4.871373 -15.287505
5.930497 -21.908605 -15.978109 6.989227 -14.919379
6.898680 -22.795032 -15.896353 8.033963 -14.761069
7.930810 -23.683491 -15.752682 9.141190 -14.542301
8.913179 -25.447944 -16.534765 10.188793 -15.259151
10.905672 -27.077069 -16.171397 12.294898 -14.782171
11.422810 -24.452689 -13.029879 12.837428 -11.615261
10.590047 -23.676847 -13.086800 11.962945 -11.713902
8.867518 -22.043512 -13.175993 10.140235 -11.903276
7.930805 -20.325224 -12.394419 9.141186 -11.184038
6.022958 -17.664380 -11.641423 7.089254 -10.575127
3.938338 -15.752959 -11.814621 4.820945 -10.932014
2.914707 -14.793285 -11.878578 3.697078 -11.096207
1.866721 -12.894554 -11.027834 2.539622 -10.354933
-0.280689 -11.044007 -11.324696 0.146254 -10.897753
-1.330793 -10.146886 -11.477679 -1.034719 -11.181605
-2.357150 -8.436702 -10.793852 -2.195707 -10.632409
-4.356248 -6.861037 -11.217285 -4.476116 -11.337153
-6.092159 -5.450652 -11.542811 -6.476755 -11.927407
-6.897569 -4.231242 -11.128811 -7.411448 -11.642690
-8.275818 -3.234403 -11.510221 -9.020426 -12.254828
-8.916245 -2.349721 -11.265965 -9.772142 -12.121863
-10.367665 -1.361794 -11.729459 -11.485361 -12.847155
-11.127837 -0.782996 -11.910833 -12.387951 -13.170947
-11.499597 -0.574961 -12.074558 -12.830688 -13.405649
-11.630753 -0.510435 -12.141187 -12.987093 -13.497527
-11.700007 -0.444938 -12.144945 -13.069723 -13.514661
-11.769483 -0.439947 -12.209430 -13.152647 -13.592594
-11.789481 -0.449917 -12.239398 -13.176523 -13.626440
-11.789342 -0.446799 -12.236141 -13.176356 -13.623155
-11.827123 -0.445334 -12.272457 -13.221468 -13.666802
-11.848585 -0.447949 -12.296534 -13.247100 -13.695048
-11.848734 -0.452624 -12.301359 -13.247277 -13.699902
-11.789347 -0.477127 -12.266474 -13.176363 -13.653490
-11.744355 -0.546491 -12.290846 -13.122652 -13.669143
-11.699471 -0.700267 -12.399738 -13.069083 -13.769350
-11.474752 -1.246737 -12.721489 -12.801073 -14.047810
-11.037417 -1.953119 -12.990537 -12.280401 -14.233520
-10.664874 -2.420767 -13.085641 -11.837818 -14.258585
-9.554687 -5.009197 -14.563884 -10.524105 -15.533302
-7.174112 -6.687374 -13.861486 -7.733326 -14.420699
-6.230748 -8.545383 -14.776131 -6.637300 -15.182682
3.590829 -19.086608 -15.495780 4.440148 -14.646461
4.634743 -20.892331 -16.257588 5.581765 -15.310567
6.690408 -22.670808 -15.980400 7.809723 -14.861085
8.684037 -24.407380 -15.723344 9.944979 -14.462401
9.617164 -26.078427 -16.461263 10.935781 -15.142646
11.537485 -28.862604 -17.325119 12.957505 -15.905098
11.582381 -25.160566 -13.578185 13.004494 -12.156072
10.795275 -24.395855 -13.600580 12.178861 -12.216994
9.935052 -22.741403 -12.806352 11.272062 -11.469342
8.043969 -20.931547 -12.887577 9.262174 -11.669372
6.966681 -18.989801 -12.023120 8.107119 -10.882682
4.819712 -16.912542 -12.092830 5.783327 -11.129215
3.659794 -14.868468 -11.208674 4.515780 -10.352688
2.495536 -13.781967 -11.286431 3.234953 -10.547014
1.236410 -11.611984 -10.375574 1.840134 -9.771850
-1.144407 -9.477677 -10.622084 -0.824596 -10.302274
-2.357158 -8.431604 -10.788762 -2.195716 -10.627320
-4.727790 -6.394155 -11.121945 -4.902719 -11.296875
-5.861161 -4.445856 -10.307017 -6.209434 -10.655289
-6.968035 -2.569084 -9.537118 -7.493420 -10.062503
-9.144011 -0.718849 -9.862860 -10.040113 -10.758962
-11.247664 1.003796 -10.243868 -12.530561 -11.526765
-11.606518 -1.789946 -13.396463 -12.958184 -14.748130
-10.755332 -3.247139 -14.002471 -11.945202 -15.192341
-9.143835 -4.696582 -13.840416 -10.039905 -14.736486
-8.300280 -5.422279 -13.722559 -9.049091 -14.471370
-7.496220 -6.746498 -14.242718 -8.108845 -14.855343
-5.861161 -8.206536 -14.067697 -6.209434 -14.415970
-4.241097 -9.621681 -13.862777 -4.344076 -13.965757
-3.426701 -11.023757 -14.450458 -3.412628 -14.436385
-1.843050 -12.476982 -14.320032 -1.613340 -14.090322
-1.097458 -13.168776 -14.266234 -0.771703 -13.940479
0.466573 -14.549707 -14.083133 0.982406 -13.567300
1.213511 -15.939153 -14.725642 1.814675 -14.124478
1.982718 -17.344634 -15.361916 2.668077 -14.676557
3.566530 -18.614043 -15.047513 4.413494 -14.200549
5.144042 -20.014326 -14.870284 6.136234 -13.878092
5.930565 -21.423629 -15.493065 6.989300 -14.434329
8.272922 -23.511685 -15.238763 9.506711 -14.004973
9.095231 -24.812424 -15.717193 10.382266 -14.430159
10.569308 -25.992562 -15.423253 11.941112 -14.051450
11.871568 -27.402707 -15.531139 13.306855 -14.095852
11.447627 -24.978055 -13.530427 12.863422 -12.114633
10.231824 -23.067494 -12.835670 11.585430 -11.482064
9.505220 -21.538923 -12.033703 10.817207 -10.721716
7.860608 -19.834762 -11.974154 9.066094 -10.768668
6.966585 -18.913861 -11.947276 8.107016 -10.806845
5.998438 -16.836032 -10.837594 7.062733 -9.773299
3.845520 -14.738447 -10.892927 4.719311 -10.019136
2.728362 -13.663540 -10.935178 3.491774 -10.171766
0.302911 -10.506188 -10.203278 0.799577 -9.706612
-0.910874 -8.331112 -9.241986 -0.561632 -8.892744
-3.333637 -6.193795 -9.527432 -3.306454 -9.500250
-5.768696 -5.147423 -10.916119 -6.102523 -11.249946
-6.922403 -3.111128 -10.033532 -7.440334 -10.551462
-9.210462 -0.137910 -9.348372 -10.118355 -10.256265
